Vernier Format 2
SAS-124-55__13C70 PURE__LEFT__4th LG-PYE pass__3pt06 mLmin o-Xyl__1500 uL__650 nm__3 injection__QC PURE.cmbl 5/15/2023 10:36:39 .
Latest
Time	Potential
t	Pot
min	mV

0	0.15293152188
0.0166666666667	0.125943606254
0.0333333333333	0.15293152188
0.05	0.134939578129
0.0666666666667	0.125943606254
0.0833333333333	0.0899597187527
0.1	0.15293152188
0.116666666667	0.107951662503
0.133333333333	0.134939578129
0.15	0.0899597187527
0.166666666667	0.125943606254
0.183333333333	0.125943606254
0.2	0.107951662503
0.216666666667	0.107951662503
0.233333333333	0.134939578129
0.25	0.107951662503
0.266666666667	0.125943606254
0.283333333333	0.107951662503
0.3	0.134939578129
0.316666666667	0.15293152188
0.333333333333	0.125943606254
0.35	0.17092346563
0.366666666667	0.15293152188
0.383333333333	0.17092346563
0.4	0.15293152188
0.416666666667	0.125943606254
0.433333333333	0.125943606254
0.45	0.15293152188
0.466666666667	0.15293152188
0.483333333333	0.15293152188
0.5	0.15293152188
0.516666666667	0.134939578129
0.533333333333	0.107951662503
0.55	0.15293152188
0.566666666667	0.125943606254
0.583333333333	0.188915409381
0.6	0.15293152188
0.616666666667	0.15293152188
0.633333333333	0.0719677750021
0.65	0.17092346563
0.666666666667	0.134939578129
0.683333333333	0.125943606254
0.7	0.197911381256
0.716666666667	0.125943606254
0.733333333333	0.134939578129
0.75	0.134939578129
0.766666666667	0.125943606254
0.783333333333	0.134939578129
0.8	0.107951662503
0.816666666667	0.0899597187527
0.833333333333	0.134939578129
0.85	0.134939578129
0.866666666667	0.17092346563
0.883333333333	0.206907353131
0.9	0.134939578129
0.916666666667	0.125943606254
0.933333333333	0.125943606254
0.95	0.125943606254
0.966666666667	0.188915409381
0.983333333333	0.107951662503
1	0.134939578129
1.01666666667	0.107951662503
1.03333333333	0.134939578129
1.05	0.107951662503
1.06666666667	0.107951662503
1.08333333333	0.15293152188
1.1	0.107951662503
1.11666666667	0.125943606254
1.13333333333	0.15293152188
1.15	0.125943606254
1.16666666667	0.188915409381
1.18333333333	0.188915409381
1.2	0.134939578129
1.21666666667	0.107951662503
1.23333333333	0.17092346563
1.25	0.134939578129
1.26666666667	0.15293152188
1.28333333333	0.15293152188
1.3	0.125943606254
1.31666666667	0.0899597187527
1.33333333333	0.134939578129
1.35	0.134939578129
1.36666666667	0.125943606254
1.38333333333	0.125943606254
1.4	0.17092346563
1.41666666667	0.15293152188
1.43333333333	0.0899597187527
1.45	0.107951662503
1.46666666667	0.125943606254
1.48333333333	0.125943606254
1.5	0.134939578129
1.51666666667	0.188915409381
1.53333333333	0.125943606254
1.55	0.0719677750021
1.56666666667	0.125943606254
1.58333333333	0.0899597187527
1.6	0.125943606254
1.61666666667	0.107951662503
1.63333333333	0.125943606254
1.65	0.15293152188
1.66666666667	0.0899597187527
1.68333333333	0.134939578129
1.7	0.0899597187527
1.71666666667	0.107951662503
1.73333333333	0.107951662503
1.75	0.15293152188
1.76666666667	0.107951662503
1.78333333333	0.107951662503
1.8	0.0899597187527
1.81666666667	0.107951662503
1.83333333333	0.107951662503
1.85	0.15293152188
1.86666666667	0.134939578129
1.88333333333	0.125943606254
1.9	0.125943606254
1.91666666667	0.15293152188
1.93333333333	0.125943606254
1.95	0.17092346563
1.96666666667	0.134939578129
1.98333333333	0.17092346563
2	0.134939578129
2.01666666667	0.15293152188
2.03333333333	0.17092346563
2.05	0.17092346563
2.06666666667	0.134939578129
2.08333333333	0.125943606254
2.1	0.125943606254
2.11666666667	0.0899597187527
2.13333333333	0.107951662503
2.15	0.15293152188
2.16666666667	0.134939578129
2.18333333333	0.125943606254
2.2	0.17092346563
2.21666666667	0.125943606254
2.23333333333	0.125943606254
2.25	0.125943606254
2.26666666667	0.134939578129
2.28333333333	0.17092346563
2.3	0.17092346563
2.31666666667	0.15293152188
2.33333333333	0.134939578129
2.35	0.125943606254
2.36666666667	0.134939578129
2.38333333333	0.15293152188
2.4	0.125943606254
2.41666666667	0.134939578129
2.43333333333	0.15293152188
2.45	0.107951662503
2.46666666667	0.134939578129
2.48333333333	0.17092346563
2.5	0.17092346563
2.51666666667	0.15293152188
2.53333333333	0.125943606254
2.55	0.134939578129
2.56666666667	0.188915409381
2.58333333333	0.17092346563
2.6	0.107951662503
2.61666666667	0.125943606254
2.63333333333	0.107951662503
2.65	0.125943606254
2.66666666667	0.15293152188
2.68333333333	0.107951662503
2.7	0.134939578129
2.71666666667	0.107951662503
2.73333333333	0.0899597187527
2.75	0.15293152188
2.76666666667	0.125943606254
2.78333333333	0.125943606254
2.8	0.134939578129
2.81666666667	0.125943606254
2.83333333333	0.17092346563
2.85	0.125943606254
2.86666666667	0.125943606254
2.88333333333	0.107951662503
2.9	0.107951662503
2.91666666667	0.15293152188
2.93333333333	0.0899597187527
2.95	0.134939578129
2.96666666667	0.125943606254
2.98333333333	0.0899597187527
3	0.0899597187527
3.01666666667	0.125943606254
3.03333333333	0.107951662503
3.05	0.0899597187527
3.06666666667	0.107951662503
3.08333333333	0.107951662503
3.1	0.107951662503
3.11666666667	0.125943606254
3.13333333333	0.15293152188
3.15	0.125943606254
3.16666666667	0.125943606254
3.18333333333	0.125943606254
3.2	0.0899597187527
3.21666666667	0.107951662503
3.23333333333	0.125943606254
3.25	0.0899597187527
3.26666666667	0.134939578129
3.28333333333	0.15293152188
3.3	0.125943606254
3.31666666667	0.134939578129
3.33333333333	0.134939578129
3.35	0.125943606254
3.36666666667	0.125943606254
3.38333333333	0.0719677750021
3.4	0.125943606254
3.41666666667	0.0899597187527
3.43333333333	0.0899597187527
3.45	0.125943606254
3.46666666667	0.107951662503
3.48333333333	0.0899597187527
3.5	0.107951662503
3.51666666667	0.0899597187527
3.53333333333	0.125943606254
3.55	0.15293152188
3.56666666667	0.134939578129
3.58333333333	0.134939578129
3.6	0.107951662503
3.61666666667	0.107951662503
3.63333333333	0.134939578129
3.65	0.134939578129
3.66666666667	0.107951662503
3.68333333333	0.125943606254
3.7	0.0899597187527
3.71666666667	0.125943606254
3.73333333333	0.134939578129
3.75	0.15293152188
3.76666666667	0.125943606254
3.78333333333	0.188915409381
3.8	0.107951662503
3.81666666667	0.107951662503
3.83333333333	0.0899597187527
3.85	0.134939578129
3.86666666667	0.125943606254
3.88333333333	0.134939578129
3.9	0.134939578129
3.91666666667	0.107951662503
3.93333333333	0.134939578129
3.95	0.125943606254
3.96666666667	0.107951662503
3.98333333333	0.134939578129
4	0.125943606254
4.01666666667	0.107951662503
4.03333333333	0.107951662503
4.05	0.107951662503
4.06666666667	0.125943606254
4.08333333333	0.125943606254
4.1	0.107951662503
4.11666666667	0.0899597187527
4.13333333333	0.125943606254
4.15	0.0899597187527
4.16666666667	0.107951662503
4.18333333333	0.134939578129
4.2	0.107951662503
4.21666666667	0.0899597187527
4.23333333333	0.0719677750021
4.25	0.15293152188
4.26666666667	0.134939578129
4.28333333333	0.107951662503
4.3	0.0899597187527
4.31666666667	0.17092346563
4.33333333333	0.125943606254
4.35	0.125943606254
4.36666666667	0.107951662503
4.38333333333	0.107951662503
4.4	0.107951662503
4.41666666667	0.134939578129
4.43333333333	0.134939578129
4.45	0.0899597187527
4.46666666667	0.134939578129
4.48333333333	0.0899597187527
4.5	0.125943606254
4.51666666667	0.107951662503
4.53333333333	0.0719677750021
4.55	0.0899597187527
4.56666666667	0.107951662503
4.58333333333	0.15293152188
4.6	0.134939578129
4.61666666667	0.107951662503
4.63333333333	0.125943606254
4.65	0.0719677750021
4.66666666667	0.107951662503
4.68333333333	0.107951662503
4.7	0.107951662503
4.71666666667	0.125943606254
4.73333333333	0.134939578129
4.75	0.0899597187527
4.76666666667	0.134939578129
4.78333333333	0.0899597187527
4.8	0.134939578129
4.81666666667	0.125943606254
4.83333333333	0.134939578129
4.85	0.125943606254
4.86666666667	0.134939578129
4.88333333333	0.0899597187527
4.9	0.134939578129
4.91666666667	0.188915409381
4.93333333333	0.134939578129
4.95	0.125943606254
4.96666666667	0.125943606254
4.98333333333	0.0719677750021
5	0.15293152188
5.01666666667	0.15293152188
5.03333333333	0.134939578129
5.05	0.134939578129
5.06666666667	0.125943606254
5.08333333333	0.188915409381
5.1	0.134939578129
5.11666666667	0.0899597187527
5.13333333333	0.17092346563
5.15	0.125943606254
5.16666666667	0.0899597187527
5.18333333333	0.107951662503
5.2	0.125943606254
5.21666666667	0.0899597187527
5.23333333333	0.134939578129
5.25	0.0899597187527
5.26666666667	0.134939578129
5.28333333333	0.107951662503
5.3	0.134939578129
5.31666666667	0.107951662503
5.33333333333	0.107951662503
5.35	0.107951662503
5.36666666667	0.15293152188
5.38333333333	0.125943606254
5.4	0.107951662503
5.41666666667	0.0899597187527
5.43333333333	0.125943606254
5.45	0.0899597187527
5.46666666667	0.125943606254
5.48333333333	0.107951662503
5.5	0.15293152188
5.51666666667	0.0719677750021
5.53333333333	0.107951662503
5.55	0.0899597187527
5.56666666667	0.134939578129
5.58333333333	0.0719677750021
5.6	0.15293152188
5.61666666667	0.0899597187527
5.63333333333	0.0899597187527
5.65	0.107951662503
5.66666666667	0.125943606254
5.68333333333	0.125943606254
5.7	0.134939578129
5.71666666667	0.107951662503
5.73333333333	0.125943606254
5.75	0.134939578129
5.76666666667	0.125943606254
5.78333333333	0.134939578129
5.8	0.125943606254
5.81666666667	0.107951662503
5.83333333333	0.0899597187527
5.85	0.134939578129
5.86666666667	0.134939578129
5.88333333333	0.0899597187527
5.9	0.134939578129
5.91666666667	0.0899597187527
5.93333333333	0.134939578129
5.95	0.107951662503
5.96666666667	0.125943606254
5.98333333333	0.107951662503
6	0.188915409381
6.01666666667	0.17092346563
6.03333333333	0.0899597187527
6.05	0.134939578129
6.06666666667	0.188915409381
6.08333333333	0.188915409381
6.1	0.107951662503
6.11666666667	0.17092346563
6.13333333333	0.17092346563
6.15	0.15293152188
6.16666666667	0.107951662503
6.18333333333	0.134939578129
6.2	0.15293152188
6.21666666667	0.134939578129
6.23333333333	0.125943606254
6.25	0.107951662503
6.26666666667	0.15293152188
6.28333333333	0.17092346563
6.3	0.17092346563
6.31666666667	0.107951662503
6.33333333333	0.134939578129
6.35	0.15293152188
6.36666666667	0.0899597187527
6.38333333333	0.17092346563
6.4	0.188915409381
6.41666666667	0.17092346563
6.43333333333	0.15293152188
6.45	0.107951662503
6.46666666667	0.17092346563
6.48333333333	0.125943606254
6.5	0.107951662503
6.51666666667	0.17092346563
6.53333333333	0.188915409381
6.55	0.197911381256
6.56666666667	0.17092346563
6.58333333333	0.206907353131
6.6	0.188915409381
6.61666666667	0.15293152188
6.63333333333	0.125943606254
6.65	0.17092346563
6.66666666667	0.188915409381
6.68333333333	0.197911381256
6.7	0.215903325006
6.71666666667	0.215903325006
6.73333333333	0.197911381256
6.75	0.215903325006
6.76666666667	0.215903325006
6.78333333333	0.197911381256
6.8	0.251887212507
6.81666666667	0.197911381256
6.83333333333	0.197911381256
6.85	0.32385498751
6.86666666667	0.251887212507
6.88333333333	0.32385498751
6.9	0.368834846886
6.91666666667	0.503774425015
6.93333333333	0.66570191877
6.95	0.971564962529
6.96666666667	1.5652991063
6.98333333333	2.57284795633
7	4.183126922
7.01666666667	6.54906752519
7.03333333333	9.76062948466
7.05	13.6918691942
7.06666666667	18.1538712443
7.08333333333	22.7508128725
7.1	27.1858270071
7.11666666667	31.1170667165
7.13333333333	34.3376246479
7.15	36.8385048292
7.16666666667	38.7186629511
7.18333333333	40.0320748449
7.2	40.895688145
7.21666666667	41.4264504856
7.23333333333	41.6423538106
7.25	41.7233175575
7.26666666667	41.5613900637
7.28333333333	41.2285391043
7.3	40.7787405106
7.31666666667	40.2209902543
7.33333333333	39.4743245887
7.35	38.6826790636
7.36666666667	37.7381020167
7.38333333333	36.7575410823
7.4	35.6510365417
7.41666666667	34.4185883948
7.43333333333	33.1861402479
7.45	31.8997162697
7.46666666667	30.4423688259
7.48333333333	29.0300012415
7.5	27.5636578258
7.51666666667	26.0703264945
7.53333333333	24.6219750226
7.55	23.0836638319
7.56666666667	21.5903325006
7.58333333333	20.2229447756
7.6	18.8735489943
7.61666666667	17.5781290443
7.63333333333	16.3276889536
7.65	15.1762045536
7.66666666667	14.0966879285
7.68333333333	13.1071310223
7.7	12.0995821722
7.71666666667	11.1999849847
7.73333333333	10.3633596003
7.75	9.54472615966
7.76666666667	8.76207660651
7.78333333333	8.09637468774
7.8	7.39468888147
7.81666666667	6.84593459708
7.83333333333	6.21621656581
7.85	5.64947033767
7.86666666667	5.1636878564
7.88333333333	4.70489329076
7.9	4.28208261263
7.91666666667	3.86826790636
7.93333333333	3.49943305948
7.95	3.15758612822
7.96666666667	2.85172308446
7.98333333333	2.55485601258
8	2.29397282819
8.01666666667	2.05108158756
8.03333333333	1.80819034693
8.05	1.6732507688
8.06666666667	1.52031924692
8.08333333333	1.32240786566
8.1	1.18746828754
8.11666666667	1.00754885003
8.13333333333	0.926585103152
8.15	0.800641496899
8.16666666667	0.737669693772
8.18333333333	0.647709975019
8.2	0.584738171892
8.21666666667	0.503774425015
8.23333333333	0.521766368765
8.25	0.386826790636
8.26666666667	0.404818734387
8.28333333333	0.350842903135
8.3	0.34184693126
8.31666666667	0.251887212507
8.33333333333	0.269879156258
8.35	0.32385498751
8.36666666667	0.233895268757
8.38333333333	0.197911381256
8.4	0.215903325006
8.41666666667	0.197911381256
8.43333333333	0.197911381256
8.45	0.197911381256
8.46666666667	0.197911381256
8.48333333333	0.197911381256
8.5	0.197911381256
8.51666666667	0.197911381256
8.53333333333	0.215903325006
8.55	0.197911381256
8.56666666667	0.197911381256
8.58333333333	0.197911381256
8.6	0.215903325006
8.61666666667	0.197911381256
8.63333333333	0.215903325006
8.65	0.197911381256
8.66666666667	0.215903325006
8.68333333333	0.197911381256
8.7	0.188915409381
8.71666666667	0.188915409381
8.73333333333	0.206907353131
8.75	0.197911381256
8.76666666667	0.197911381256
8.78333333333	0.215903325006
8.8	0.206907353131
8.81666666667	0.197911381256
8.83333333333	0.233895268757
8.85	0.197911381256
8.86666666667	0.197911381256
8.88333333333	0.197911381256
8.9	0.197911381256
8.91666666667	0.197911381256
8.93333333333	0.197911381256
8.95	0.197911381256
8.96666666667	0.188915409381
8.98333333333	0.197911381256
9	0.233895268757
9.01666666667	0.197911381256
9.03333333333	0.197911381256
9.05	0.197911381256
9.06666666667	0.197911381256
9.08333333333	0.197911381256
9.1	0.197911381256
9.11666666667	0.197911381256
9.13333333333	0.197911381256
9.15	0.215903325006
9.16666666667	0.188915409381
9.18333333333	0.197911381256
9.2	0.233895268757
9.21666666667	0.215903325006
9.23333333333	0.197911381256
9.25	0.197911381256
9.26666666667	0.197911381256
9.28333333333	0.233895268757
9.3	0.197911381256
9.31666666667	0.215903325006
9.33333333333	0.197911381256
9.35	0.197911381256
9.36666666667	0.188915409381
9.38333333333	0.17092346563
9.4	0.215903325006
9.41666666667	0.197911381256
9.43333333333	0.197911381256
9.45	0.188915409381
9.46666666667	0.215903325006
9.48333333333	0.197911381256
9.5	0.197911381256
9.51666666667	0.215903325006
9.53333333333	0.197911381256
9.55	0.197911381256
9.56666666667	0.197911381256
9.58333333333	0.197911381256
9.6	0.215903325006
9.61666666667	0.215903325006
9.63333333333	0.188915409381
9.65	0.197911381256
9.66666666667	0.206907353131
9.68333333333	0.197911381256
9.7	0.197911381256
9.71666666667	0.17092346563
9.73333333333	0.197911381256
9.75	0.188915409381
9.76666666667	0.197911381256
9.78333333333	0.215903325006
9.8	0.197911381256
9.81666666667	0.197911381256
9.83333333333	0.188915409381
9.85	0.188915409381
9.86666666667	0.188915409381
9.88333333333	0.197911381256
9.9	0.197911381256
9.91666666667	0.188915409381
9.93333333333	0.233895268757
9.95	0.215903325006
9.96666666667	0.233895268757
9.98333333333	0.197911381256
10	0.206907353131
10.0166666667	0.215903325006
10.0333333333	0.197911381256
10.05	0.197911381256
10.0666666667	0.197911381256
10.0833333333	0.197911381256
10.1	0.215903325006
10.1166666667	0.215903325006
10.1333333333	0.197911381256
10.15	0.197911381256
10.1666666667	0.188915409381
10.1833333333	0.188915409381
10.2	0.215903325006
10.2166666667	0.197911381256
10.2333333333	0.188915409381
10.25	0.215903325006
10.2666666667	0.197911381256
10.2833333333	0.215903325006
10.3	0.197911381256
10.3166666667	0.233895268757
10.3333333333	0.215903325006
10.35	0.197911381256
10.3666666667	0.188915409381
10.3833333333	0.197911381256
10.4	0.197911381256
10.4166666667	0.197911381256
10.4333333333	0.215903325006
10.45	0.197911381256
10.4666666667	0.233895268757
10.4833333333	0.197911381256
10.5	0.197911381256
10.5166666667	0.188915409381
10.5333333333	0.197911381256
10.55	0.215903325006
10.5666666667	0.188915409381
10.5833333333	0.188915409381
10.6	0.197911381256
10.6166666667	0.197911381256
10.6333333333	0.197911381256
10.65	0.197911381256
10.6666666667	0.197911381256
10.6833333333	0.197911381256
10.7	0.197911381256
10.7166666667	0.197911381256
10.7333333333	0.197911381256
10.75	0.215903325006
10.7666666667	0.197911381256
10.7833333333	0.197911381256
10.8	0.197911381256
10.8166666667	0.197911381256
10.8333333333	0.215903325006
10.85	0.197911381256
10.8666666667	0.215903325006
10.8833333333	0.197911381256
10.9	0.197911381256
10.9166666667	0.197911381256
10.9333333333	0.197911381256
10.95	0.197911381256
10.9666666667	0.188915409381
10.9833333333	0.197911381256
11	0.197911381256
11.0166666667	0.197911381256
11.0333333333	0.197911381256
11.05	0.197911381256
11.0666666667	0.197911381256
11.0833333333	0.215903325006
11.1	0.197911381256
11.1166666667	0.215903325006
11.1333333333	0.233895268757
11.15	0.197911381256
11.1666666667	0.197911381256
11.1833333333	0.197911381256
11.2	0.215903325006
11.2166666667	0.215903325006
11.2333333333	0.197911381256
11.25	0.197911381256
11.2666666667	0.197911381256
11.2833333333	0.233895268757
11.3	0.197911381256
11.3166666667	0.197911381256
11.3333333333	0.233895268757
11.35	0.197911381256
11.3666666667	0.197911381256
11.3833333333	0.197911381256
11.4	0.197911381256
11.4166666667	0.197911381256
11.4333333333	0.188915409381
11.45	0.197911381256
11.4666666667	0.197911381256
11.4833333333	0.215903325006
11.5	0.215903325006
11.5166666667	0.197911381256
11.5333333333	0.197911381256
11.55	0.215903325006
11.5666666667	0.206907353131
11.5833333333	0.197911381256
11.6	0.197911381256
11.6166666667	0.197911381256
11.6333333333	0.197911381256
11.65	0.215903325006
11.6666666667	0.197911381256
11.6833333333	0.233895268757
11.7	0.197911381256
11.7166666667	0.197911381256
11.7333333333	0.197911381256
11.75	0.197911381256
11.7666666667	0.197911381256
11.7833333333	0.197911381256
11.8	0.197911381256
11.8166666667	0.197911381256
11.8333333333	0.197911381256
11.85	0.197911381256
11.8666666667	0.215903325006
11.8833333333	0.188915409381
11.9	0.197911381256
11.9166666667	0.197911381256
11.9333333333	0.197911381256
11.95	0.215903325006
11.9666666667	0.215903325006
11.9833333333	0.215903325006
12	0.197911381256
12.0166666667	0.215903325006
12.0333333333	0.197911381256
12.05	0.197911381256
12.0666666667	0.215903325006
12.0833333333	0.233895268757
12.1	0.197911381256
12.1166666667	0.215903325006
12.1333333333	0.215903325006
12.15	0.197911381256
12.1666666667	0.233895268757
12.1833333333	0.197911381256
12.2	0.197911381256
12.2166666667	0.251887212507
12.2333333333	0.197911381256
12.25	0.197911381256
12.2666666667	0.215903325006
12.2833333333	0.197911381256
12.3	0.188915409381
12.3166666667	0.188915409381
12.3333333333	0.215903325006
12.35	0.197911381256
12.3666666667	0.197911381256
12.3833333333	0.197911381256
12.4	0.206907353131
12.4166666667	0.215903325006
12.4333333333	0.251887212507
12.45	0.197911381256
12.4666666667	0.251887212507
12.4833333333	0.215903325006
12.5	0.215903325006
12.5166666667	0.197911381256
12.5333333333	0.215903325006
12.55	0.233895268757
12.5666666667	0.197911381256
12.5833333333	0.197911381256
12.6	0.233895268757
12.6166666667	0.215903325006
12.6333333333	0.215903325006
12.65	0.197911381256
12.6666666667	0.215903325006
12.6833333333	0.197911381256
12.7	0.215903325006
12.7166666667	0.215903325006
12.7333333333	0.269879156258
12.75	0.197911381256
12.7666666667	0.215903325006
12.7833333333	0.215903325006
12.8	0.197911381256
12.8166666667	0.197911381256
12.8333333333	0.197911381256
12.85	0.215903325006
12.8666666667	0.215903325006
12.8833333333	0.197911381256
12.9	0.197911381256
12.9166666667	0.215903325006
12.9333333333	0.197911381256
12.95	0.251887212507
12.9666666667	0.215903325006
12.9833333333	0.197911381256
13	0.233895268757
13.0166666667	0.197911381256
13.0333333333	0.197911381256
13.05	0.197911381256
13.0666666667	0.197911381256
13.0833333333	0.197911381256
13.1	0.197911381256
13.1166666667	0.197911381256
13.1333333333	0.215903325006
13.15	0.215903325006
13.1666666667	0.197911381256
13.1833333333	0.215903325006
13.2	0.197911381256
13.2166666667	0.197911381256
13.2333333333	0.197911381256
13.25	0.215903325006
13.2666666667	0.197911381256
13.2833333333	0.188915409381
13.3	0.197911381256
13.3166666667	0.233895268757
13.3333333333	0.215903325006
13.35	0.215903325006
13.3666666667	0.251887212507
13.3833333333	0.197911381256
13.4	0.197911381256
13.4166666667	0.197911381256
13.4333333333	0.215903325006
13.45	0.215903325006
13.4666666667	0.197911381256
13.4833333333	0.215903325006
13.5	0.215903325006
13.5166666667	0.197911381256
13.5333333333	0.215903325006
13.55	0.215903325006
13.5666666667	0.197911381256
13.5833333333	0.215903325006
13.6	0.215903325006
13.6166666667	0.197911381256
13.6333333333	0.197911381256
13.65	0.197911381256
13.6666666667	0.197911381256
13.6833333333	0.215903325006
13.7	0.197911381256
13.7166666667	0.197911381256
13.7333333333	0.197911381256
13.75	0.197911381256
13.7666666667	0.215903325006
13.7833333333	0.215903325006
13.8	0.197911381256
13.8166666667	0.197911381256
13.8333333333	0.197911381256
13.85	0.197911381256
13.8666666667	0.197911381256
13.8833333333	0.197911381256
13.9	0.197911381256
13.9166666667	0.215903325006
13.9333333333	0.197911381256
13.95	0.215903325006
13.9666666667	0.233895268757
13.9833333333	0.197911381256
14	0.215903325006
14.0166666667	0.197911381256
14.0333333333	0.197911381256
14.05	0.215903325006
14.0666666667	0.215903325006
14.0833333333	0.197911381256
14.1	0.215903325006
14.1166666667	0.215903325006
14.1333333333	0.188915409381
14.15	0.215903325006
14.1666666667	0.197911381256
14.1833333333	0.197911381256
14.2	0.215903325006
14.2166666667	0.197911381256
14.2333333333	0.215903325006
14.25	0.215903325006
14.2666666667	0.215903325006
14.2833333333	0.197911381256
14.3	0.197911381256
14.3166666667	0.197911381256
14.3333333333	0.197911381256
14.35	0.197911381256
14.3666666667	0.215903325006
14.3833333333	0.215903325006
14.4	0.197911381256
14.4166666667	0.215903325006
14.4333333333	0.197911381256
14.45	0.188915409381
14.4666666667	0.215903325006
14.4833333333	0.197911381256
14.5	0.197911381256
14.5166666667	0.197911381256
14.5333333333	0.215903325006
14.55	0.233895268757
14.5666666667	0.197911381256
14.5833333333	0.215903325006
14.6	0.197911381256
14.6166666667	0.215903325006
14.6333333333	0.197911381256
14.65	0.197911381256
14.6666666667	0.197911381256
14.6833333333	0.233895268757
14.7	0.215903325006
14.7166666667	0.188915409381
14.7333333333	0.197911381256
14.75	0.197911381256
14.7666666667	0.197911381256
14.7833333333	0.197911381256
14.8	0.197911381256
14.8166666667	0.197911381256
14.8333333333	0.188915409381
14.85	0.188915409381
14.8666666667	0.197911381256
14.8833333333	0.197911381256
14.9	0.197911381256
14.9166666667	0.215903325006
14.9333333333	0.197911381256
14.95	0.233895268757
14.9666666667	0.188915409381
14.9833333333	0.215903325006
15	0.197911381256
15.0166666667	0.215903325006
15.0333333333	0.197911381256
15.05	0.197911381256
15.0666666667	0.215903325006
15.0833333333	0.215903325006
15.1	0.197911381256
15.1166666667	0.197911381256
15.1333333333	0.215903325006
15.15	0.197911381256
15.1666666667	0.197911381256
15.1833333333	0.197911381256
15.2	0.215903325006
15.2166666667	0.215903325006
15.2333333333	0.233895268757
15.25	0.197911381256
15.2666666667	0.197911381256
15.2833333333	0.197911381256
15.3	0.197911381256
15.3166666667	0.215903325006
15.3333333333	0.215903325006
15.35	0.197911381256
15.3666666667	0.197911381256
15.3833333333	0.197911381256
15.4	0.215903325006
15.4166666667	0.215903325006
15.4333333333	0.197911381256
15.45	0.188915409381
15.4666666667	0.197911381256
15.4833333333	0.188915409381
15.5	0.233895268757
15.5166666667	0.197911381256
15.5333333333	0.197911381256
15.55	0.197911381256
15.5666666667	0.197911381256
15.5833333333	0.215903325006
15.6	0.197911381256
15.6166666667	0.233895268757
15.6333333333	0.215903325006
15.65	0.197911381256
15.6666666667	0.197911381256
15.6833333333	0.215903325006
15.7	0.197911381256
15.7166666667	0.233895268757
15.7333333333	0.215903325006
15.75	0.215903325006
15.7666666667	0.197911381256
15.7833333333	0.215903325006
15.8	0.233895268757
15.8166666667	0.215903325006
15.8333333333	0.215903325006
15.85	0.197911381256
15.8666666667	0.197911381256
15.8833333333	0.197911381256
15.9	0.197911381256
15.9166666667	0.197911381256
15.9333333333	0.197911381256
15.95	0.215903325006
15.9666666667	0.197911381256
15.9833333333	0.197911381256
16	0.197911381256
16.0166666667	0.233895268757
16.0333333333	0.197911381256
16.05	0.215903325006
16.0666666667	0.197911381256
16.0833333333	0.197911381256
16.1	0.215903325006
16.1166666667	0.197911381256
16.1333333333	0.197911381256
16.15	0.197911381256
16.1666666667	0.197911381256
16.1833333333	0.197911381256
16.2	0.197911381256
16.2166666667	0.215903325006
16.2333333333	0.197911381256
16.25	0.215903325006
16.2666666667	0.215903325006
16.2833333333	0.215903325006
16.3	0.197911381256
16.3166666667	0.215903325006
16.3333333333	0.215903325006
16.35	0.215903325006
16.3666666667	0.197911381256
16.3833333333	0.215903325006
16.4	0.215903325006
16.4166666667	0.197911381256
16.4333333333	0.197911381256
16.45	0.197911381256
16.4666666667	0.215903325006
16.4833333333	0.197911381256
16.5	0.197911381256
16.5166666667	0.233895268757
16.5333333333	0.197911381256
16.55	0.197911381256
16.5666666667	0.197911381256
16.5833333333	0.215903325006
16.6	0.215903325006
16.6166666667	0.197911381256
16.6333333333	0.233895268757
16.65	0.197911381256
16.6666666667	0.215903325006
16.6833333333	0.197911381256
16.7	0.233895268757
16.7166666667	0.197911381256
16.7333333333	0.215903325006
16.75	0.233895268757
16.7666666667	0.215903325006
16.7833333333	0.215903325006
16.8	0.197911381256
16.8166666667	0.215903325006
16.8333333333	0.251887212507
16.85	0.197911381256
16.8666666667	0.197911381256
16.8833333333	0.215903325006
16.9	0.197911381256
16.9166666667	0.197911381256
16.9333333333	0.197911381256
16.95	0.197911381256
16.9666666667	0.215903325006
16.9833333333	0.197911381256
17	0.215903325006
17.0166666667	0.251887212507
17.0333333333	0.197911381256
17.05	0.197911381256
17.0666666667	0.197911381256
17.0833333333	0.197911381256
17.1	0.215903325006
17.1166666667	0.197911381256
17.1333333333	0.215903325006
17.15	0.215903325006
17.1666666667	0.215903325006
17.1833333333	0.206907353131
17.2	0.215903325006
17.2166666667	0.197911381256
17.2333333333	0.233895268757
17.25	0.197911381256
17.2666666667	0.197911381256
17.2833333333	0.197911381256
17.3	0.197911381256
17.3166666667	0.215903325006
17.3333333333	0.215903325006
17.35	0.215903325006
17.3666666667	0.233895268757
17.3833333333	0.197911381256
17.4	0.215903325006
17.4166666667	0.215903325006
17.4333333333	0.233895268757
17.45	0.197911381256
17.4666666667	0.215903325006
17.4833333333	0.215903325006
17.5	0.197911381256
17.5166666667	0.233895268757
17.5333333333	0.233895268757
17.55	0.233895268757
17.5666666667	0.197911381256
17.5833333333	0.197911381256
17.6	0.197911381256
17.6166666667	0.215903325006
17.6333333333	0.215903325006
17.65	0.197911381256
17.6666666667	0.215903325006
17.6833333333	0.197911381256
17.7	0.233895268757
17.7166666667	0.197911381256
17.7333333333	0.215903325006
17.75	0.197911381256
17.7666666667	0.215903325006
17.7833333333	0.197911381256
17.8	0.215903325006
17.8166666667	0.197911381256
17.8333333333	0.197911381256
17.85	0.215903325006
17.8666666667	0.197911381256
17.8833333333	0.197911381256
17.9	0.215903325006
17.9166666667	0.197911381256
17.9333333333	0.233895268757
17.95	0.197911381256
17.9666666667	0.215903325006
17.9833333333	0.197911381256
18	0.215903325006
18.0166666667	0.197911381256
18.0333333333	0.197911381256
18.05	0.197911381256
18.0666666667	0.215903325006
18.0833333333	0.215903325006
18.1	0.197911381256
18.1166666667	0.197911381256
18.1333333333	0.215903325006
18.15	0.233895268757
18.1666666667	0.197911381256
18.1833333333	0.233895268757
18.2	0.215903325006
18.2166666667	0.197911381256
18.2333333333	0.197911381256
18.25	0.197911381256
18.2666666667	0.269879156258
18.2833333333	0.197911381256
18.3	0.215903325006
18.3166666667	0.215903325006
18.3333333333	0.197911381256
18.35	0.197911381256
18.3666666667	0.197911381256
18.3833333333	0.215903325006
18.4	0.197911381256
18.4166666667	0.197911381256
18.4333333333	0.197911381256
18.45	0.215903325006
18.4666666667	0.197911381256
18.4833333333	0.197911381256
18.5	0.197911381256
18.5166666667	0.197911381256
18.5333333333	0.233895268757
18.55	0.215903325006
18.5666666667	0.215903325006
18.5833333333	0.197911381256
18.6	0.197911381256
18.6166666667	0.197911381256
18.6333333333	0.197911381256
18.65	0.197911381256
18.6666666667	0.215903325006
18.6833333333	0.215903325006
18.7	0.197911381256
18.7166666667	0.197911381256
18.7333333333	0.233895268757
18.75	0.197911381256
18.7666666667	0.197911381256
18.7833333333	0.197911381256
18.8	0.215903325006
18.8166666667	0.197911381256
18.8333333333	0.215903325006
18.85	0.215903325006
18.8666666667	0.197911381256
18.8833333333	0.215903325006
18.9	0.197911381256
18.9166666667	0.197911381256
18.9333333333	0.197911381256
18.95	0.197911381256
18.9666666667	0.215903325006
18.9833333333	0.197911381256
19	0.215903325006
19.0166666667	0.197911381256
19.0333333333	0.215903325006
19.05	0.233895268757
19.0666666667	0.197911381256
19.0833333333	0.197911381256
19.1	0.197911381256
19.1166666667	0.197911381256
19.1333333333	0.215903325006
19.15	0.251887212507
19.1666666667	0.197911381256
19.1833333333	0.197911381256
19.2	0.233895268757
19.2166666667	0.197911381256
19.2333333333	0.197911381256
19.25	0.197911381256
19.2666666667	0.215903325006
19.2833333333	0.197911381256
19.3	0.215903325006
19.3166666667	0.197911381256
19.3333333333	0.197911381256
19.35	0.197911381256
19.3666666667	0.215903325006
19.3833333333	0.197911381256
19.4	0.188915409381
19.4166666667	0.197911381256
19.4333333333	0.233895268757
19.45	0.215903325006
19.4666666667	0.215903325006
19.4833333333	0.251887212507
19.5	0.197911381256
19.5166666667	0.215903325006
19.5333333333	0.215903325006
19.55	0.215903325006
19.5666666667	0.215903325006
19.5833333333	0.197911381256
19.6	0.215903325006
19.6166666667	0.215903325006
19.6333333333	0.197911381256
19.65	0.233895268757
19.6666666667	0.215903325006
19.6833333333	0.197911381256
19.7	0.233895268757
19.7166666667	0.197911381256
19.7333333333	0.197911381256
19.75	0.215903325006
19.7666666667	0.215903325006
19.7833333333	0.215903325006
19.8	0.197911381256
19.8166666667	0.215903325006
19.8333333333	0.197911381256
19.85	0.197911381256
19.8666666667	0.233895268757
19.8833333333	0.197911381256
19.9	0.215903325006
19.9166666667	0.233895268757
19.9333333333	0.215903325006
19.95	0.215903325006
19.9666666667	0.197911381256
19.9833333333	0.197911381256
20	0.197911381256
20.0166666667	0.197911381256
20.0333333333	0.197911381256
20.05	0.215903325006
20.0666666667	0.215903325006
20.0833333333	0.197911381256
20.1	0.215903325006
20.1166666667	0.215903325006
20.1333333333	0.215903325006
20.15	0.197911381256
20.1666666667	0.233895268757
20.1833333333	0.215903325006
20.2	0.215903325006
20.2166666667	0.197911381256
20.2333333333	0.215903325006
20.25	0.197911381256
20.2666666667	0.197911381256
20.2833333333	0.197911381256
20.3	0.215903325006
20.3166666667	0.197911381256
20.3333333333	0.197911381256
20.35	0.197911381256
20.3666666667	0.197911381256
20.3833333333	0.215903325006
20.4	0.197911381256
20.4166666667	0.215903325006
20.4333333333	0.197911381256
20.45	0.197911381256
20.4666666667	0.215903325006
20.4833333333	0.197911381256
20.5	0.197911381256
20.5166666667	0.215903325006
20.5333333333	0.215903325006
20.55	0.215903325006
20.5666666667	0.197911381256
20.5833333333	0.215903325006
20.6	0.215903325006
20.6166666667	0.215903325006
20.6333333333	0.197911381256
20.65	0.215903325006
20.6666666667	0.215903325006
20.6833333333	0.233895268757
20.7	0.197911381256
20.7166666667	0.215903325006
20.7333333333	0.215903325006
20.75	0.233895268757
20.7666666667	0.197911381256
20.7833333333	0.215903325006
20.8	0.197911381256
20.8166666667	0.197911381256
20.8333333333	0.197911381256
20.85	0.215903325006
20.8666666667	0.197911381256
20.8833333333	0.197911381256
20.9	0.197911381256
20.9166666667	0.197911381256
20.9333333333	0.197911381256
20.95	0.197911381256
20.9666666667	0.215903325006
20.9833333333	0.197911381256
21	0.197911381256
21.0166666667	0.197911381256
21.0333333333	0.215903325006
21.05	0.233895268757
21.0666666667	0.197911381256
21.0833333333	0.215903325006
21.1	0.215903325006
21.1166666667	0.197911381256
21.1333333333	0.197911381256
21.15	0.197911381256
21.1666666667	0.197911381256
21.1833333333	0.215903325006
21.2	0.197911381256
21.2166666667	0.215903325006
21.2333333333	0.215903325006
21.25	0.215903325006
21.2666666667	0.233895268757
21.2833333333	0.197911381256
21.3	0.215903325006
21.3166666667	0.197911381256
21.3333333333	0.215903325006
21.35	0.197911381256
21.3666666667	0.215903325006
21.3833333333	0.197911381256
21.4	0.233895268757
21.4166666667	0.215903325006
21.4333333333	0.215903325006
21.45	0.215903325006
21.4666666667	0.197911381256
21.4833333333	0.197911381256
21.5	0.197911381256
21.5166666667	0.197911381256
21.5333333333	0.197911381256
21.55	0.215903325006
21.5666666667	0.197911381256
21.5833333333	0.215903325006
21.6	0.197911381256
21.6166666667	0.197911381256
21.6333333333	0.215903325006
21.65	0.215903325006
21.6666666667	0.197911381256
21.6833333333	0.215903325006
21.7	0.197911381256
21.7166666667	0.197911381256
21.7333333333	0.215903325006
21.75	0.215903325006
21.7666666667	0.197911381256
21.7833333333	0.197911381256
21.8	0.215903325006
21.8166666667	0.215903325006
21.8333333333	0.197911381256
21.85	0.197911381256
21.8666666667	0.197911381256
21.8833333333	0.197911381256
21.9	0.197911381256
21.9166666667	0.197911381256
21.9333333333	0.215903325006
21.95	0.197911381256
21.9666666667	0.215903325006
21.9833333333	0.197911381256
22	0.197911381256
22.0166666667	0.197911381256
22.0333333333	0.197911381256
22.05	0.197911381256
22.0666666667	0.215903325006
22.0833333333	0.215903325006
22.1	0.197911381256
22.1166666667	0.197911381256
22.1333333333	0.197911381256
22.15	0.215903325006
22.1666666667	0.215903325006
22.1833333333	0.197911381256
22.2	0.197911381256
22.2166666667	0.197911381256
22.2333333333	0.215903325006
22.25	0.197911381256
22.2666666667	0.197911381256
22.2833333333	0.215903325006
22.3	0.197911381256
22.3166666667	0.215903325006
22.3333333333	0.197911381256
22.35	0.215903325006
22.3666666667	0.233895268757
22.3833333333	0.215903325006
22.4	0.215903325006
22.4166666667	0.197911381256
22.4333333333	0.197911381256
22.45	0.197911381256
22.4666666667	0.251887212507
22.4833333333	0.215903325006
22.5	0.215903325006
22.5166666667	0.215903325006
22.5333333333	0.215903325006
22.55	0.233895268757
22.5666666667	0.197911381256
22.5833333333	0.197911381256
22.6	0.215903325006
22.6166666667	0.197911381256
22.6333333333	0.233895268757
22.65	0.215903325006
22.6666666667	0.197911381256
22.6833333333	0.197911381256
22.7	0.197911381256
22.7166666667	0.197911381256
22.7333333333	0.215903325006
22.75	0.197911381256
22.7666666667	0.233895268757
22.7833333333	0.197911381256
22.8	0.215903325006
22.8166666667	0.197911381256
22.8333333333	0.197911381256
22.85	0.197911381256
22.8666666667	0.215903325006
22.8833333333	0.197911381256
22.9	0.197911381256
22.9166666667	0.197911381256
22.9333333333	0.215903325006
22.95	0.215903325006
22.9666666667	0.215903325006
22.9833333333	0.215903325006
23	0.215903325006
23.0166666667	0.215903325006
23.0333333333	0.197911381256
23.05	0.215903325006
23.0666666667	0.233895268757
23.0833333333	0.197911381256
23.1	0.215903325006
23.1166666667	0.233895268757
23.1333333333	0.215903325006
23.15	0.197911381256
23.1666666667	0.215903325006
23.1833333333	0.197911381256
23.2	0.197911381256
23.2166666667	0.197911381256
23.2333333333	0.197911381256
23.25	0.197911381256
23.2666666667	0.233895268757
23.2833333333	0.251887212507
23.3	0.215903325006
23.3166666667	0.197911381256
23.3333333333	0.251887212507
23.35	0.197911381256
23.3666666667	0.197911381256
23.3833333333	0.215903325006
23.4	0.215903325006
23.4166666667	0.197911381256
23.4333333333	0.215903325006
23.45	0.197911381256
23.4666666667	0.251887212507
23.4833333333	0.197911381256
23.5	0.215903325006
23.5166666667	0.215903325006
23.5333333333	0.197911381256
23.55	0.197911381256
23.5666666667	0.215903325006
23.5833333333	0.197911381256
23.6	0.215903325006
23.6166666667	0.197911381256
23.6333333333	0.215903325006
23.65	0.197911381256
23.6666666667	0.197911381256
23.6833333333	0.197911381256
23.7	0.197911381256
23.7166666667	0.197911381256
23.7333333333	0.215903325006
23.75	0.197911381256
23.7666666667	0.215903325006
23.7833333333	0.197911381256
23.8	0.215903325006
23.8166666667	0.197911381256
23.8333333333	0.215903325006
23.85	0.197911381256
23.8666666667	0.251887212507
23.8833333333	0.197911381256
23.9	0.215903325006
23.9166666667	0.215903325006
23.9333333333	0.215903325006
23.95	0.197911381256
23.9666666667	0.197911381256
23.9833333333	0.197911381256
24	0.197911381256
24.0166666667	0.197911381256
24.0333333333	0.197911381256
24.05	0.215903325006
24.0666666667	0.197911381256
24.0833333333	0.251887212507
24.1	0.197911381256
24.1166666667	0.197911381256
24.1333333333	0.197911381256
24.15	0.197911381256
24.1666666667	0.197911381256
24.1833333333	0.215903325006
24.2	0.197911381256
24.2166666667	0.215903325006
24.2333333333	0.233895268757
24.25	0.215903325006
24.2666666667	0.197911381256
24.2833333333	0.233895268757
24.3	0.197911381256
24.3166666667	0.197911381256
24.3333333333	0.215903325006
24.35	0.197911381256
24.3666666667	0.197911381256
24.3833333333	0.215903325006
24.4	0.197911381256
24.4166666667	0.197911381256
24.4333333333	0.197911381256
24.45	0.233895268757
24.4666666667	0.233895268757
24.4833333333	0.215903325006
24.5	0.215903325006
24.5166666667	0.215903325006
24.5333333333	0.215903325006
24.55	0.215903325006
24.5666666667	0.197911381256
24.5833333333	0.215903325006
24.6	0.197911381256
24.6166666667	0.197911381256
24.6333333333	0.215903325006
24.65	0.233895268757
24.6666666667	0.197911381256
24.6833333333	0.215903325006
24.7	0.215903325006
24.7166666667	0.197911381256
24.7333333333	0.197911381256
24.75	0.197911381256
24.7666666667	0.215903325006
24.7833333333	0.197911381256
24.8	0.215903325006
24.8166666667	0.215903325006
24.8333333333	0.215903325006
24.85	0.233895268757
24.8666666667	0.215903325006
24.8833333333	0.197911381256
24.9	0.215903325006
24.9166666667	0.197911381256
24.9333333333	0.197911381256
24.95	0.233895268757
24.9666666667	0.215903325006
24.9833333333	0.215903325006
25	0.197911381256
25.0166666667	0.233895268757
25.0333333333	0.215903325006
25.05	0.197911381256
25.0666666667	0.215903325006
25.0833333333	0.233895268757
25.1	0.197911381256
25.1166666667	0.215903325006
25.1333333333	0.197911381256
25.15	0.197911381256
25.1666666667	0.197911381256
25.1833333333	0.251887212507
25.2	0.251887212507
25.2166666667	0.197911381256
25.2333333333	0.197911381256
25.25	0.215903325006
25.2666666667	0.233895268757
25.2833333333	0.233895268757
25.3	0.197911381256
25.3166666667	0.197911381256
25.3333333333	0.251887212507
25.35	0.197911381256
25.3666666667	0.251887212507
25.3833333333	0.215903325006
25.4	0.269879156258
25.4166666667	0.197911381256
25.4333333333	0.197911381256
25.45	0.197911381256
25.4666666667	0.215903325006
25.4833333333	0.215903325006
25.5	0.215903325006
25.5166666667	0.197911381256
25.5333333333	0.287871100008
25.55	0.233895268757
25.5666666667	0.215903325006
25.5833333333	0.197911381256
25.6	0.197911381256
25.6166666667	0.197911381256
25.6333333333	0.215903325006
25.65	0.251887212507
25.6666666667	0.233895268757
25.6833333333	0.233895268757
25.7	0.215903325006
25.7166666667	0.215903325006
25.7333333333	0.215903325006
25.75	0.233895268757
25.7666666667	0.197911381256
25.7833333333	0.215903325006
25.8	0.251887212507
25.8166666667	0.269879156258
25.8333333333	0.215903325006
25.85	0.215903325006
25.8666666667	0.197911381256
25.8833333333	0.215903325006
25.9	0.197911381256
25.9166666667	0.215903325006
25.9333333333	0.197911381256
25.95	0.197911381256
25.9666666667	0.215903325006
25.9833333333	0.197911381256
26	0.215903325006
26.0166666667	0.215903325006
26.0333333333	0.215903325006
26.05	0.215903325006
26.0666666667	0.215903325006
26.0833333333	0.233895268757
26.1	0.197911381256
26.1166666667	0.233895268757
26.1333333333	0.215903325006
26.15	0.233895268757
26.1666666667	0.197911381256
26.1833333333	0.215903325006
26.2	0.287871100008
26.2166666667	0.197911381256
26.2333333333	0.233895268757
26.25	0.197911381256
26.2666666667	0.251887212507
26.2833333333	0.251887212507
26.3	0.233895268757
26.3166666667	0.215903325006
26.3333333333	0.215903325006
26.35	0.251887212507
26.3666666667	0.233895268757
26.3833333333	0.233895268757
26.4	0.269879156258
26.4166666667	0.251887212507
26.4333333333	0.197911381256
26.45	0.197911381256
26.4666666667	0.251887212507
26.4833333333	0.197911381256
26.5	0.197911381256
26.5166666667	0.197911381256
26.5333333333	0.305863043759
26.55	0.251887212507
26.5666666667	0.233895268757
26.5833333333	0.233895268757
26.6	0.287871100008
26.6166666667	0.233895268757
26.6333333333	0.305863043759
26.65	0.251887212507
26.6666666667	0.32385498751
26.6833333333	0.305863043759
26.7	0.251887212507
26.7166666667	0.197911381256
26.7333333333	0.287871100008
26.75	0.287871100008
26.7666666667	0.233895268757
26.7833333333	0.233895268757
26.8	0.305863043759
26.8166666667	0.287871100008
26.8333333333	0.215903325006
26.85	0.32385498751
26.8666666667	0.269879156258
26.8833333333	0.287871100008
26.9	0.287871100008
26.9166666667	0.32385498751
26.9333333333	0.32385498751
26.95	0.269879156258
26.9666666667	0.215903325006
26.9833333333	0.287871100008
27	0.269879156258
27.0166666667	0.287871100008
27.0333333333	0.269879156258
27.05	0.251887212507
27.0666666667	0.287871100008
27.0833333333	0.197911381256
27.1	0.215903325006
27.1166666667	0.233895268757
27.1333333333	0.269879156258
27.15	0.305863043759
27.1666666667	0.233895268757
27.1833333333	0.32385498751
27.2	0.32385498751
27.2166666667	0.269879156258
27.2333333333	0.305863043759
27.25	0.215903325006
27.2666666667	0.32385498751
27.2833333333	0.287871100008
27.3	0.32385498751
27.3166666667	0.305863043759
27.3333333333	0.32385498751
27.35	0.34184693126
27.3666666667	0.269879156258
27.3833333333	0.305863043759
27.4	0.287871100008
27.4166666667	0.32385498751
27.4333333333	0.269879156258
27.45	0.32385498751
27.4666666667	0.269879156258
27.4833333333	0.251887212507
27.5	0.269879156258
27.5166666667	0.34184693126
27.5333333333	0.32385498751
27.55	0.305863043759
27.5666666667	0.233895268757
27.5833333333	0.287871100008
27.6	0.287871100008
27.6166666667	0.305863043759
27.6333333333	0.233895268757
27.65	0.233895268757
27.6666666667	0.287871100008
27.6833333333	0.305863043759
27.7	0.233895268757
27.7166666667	0.305863043759
27.7333333333	0.34184693126
27.75	0.305863043759
27.7666666667	0.305863043759
27.7833333333	0.215903325006
27.8	0.269879156258
27.8166666667	0.197911381256
27.8333333333	0.215903325006
27.85	0.197911381256
27.8666666667	0.251887212507
27.8833333333	0.251887212507
27.9	0.305863043759
27.9166666667	0.251887212507
27.9333333333	0.251887212507
27.95	0.269879156258
27.9666666667	0.215903325006
27.9833333333	0.215903325006
28	0.215903325006
28.0166666667	0.269879156258
28.0333333333	0.215903325006
28.05	0.215903325006
28.0666666667	0.305863043759
28.0833333333	0.305863043759
28.1	0.215903325006
28.1166666667	0.251887212507
28.1333333333	0.233895268757
28.15	0.287871100008
28.1666666667	0.197911381256
28.1833333333	0.215903325006
28.2	0.233895268757
28.2166666667	0.32385498751
28.2333333333	0.287871100008
28.25	0.32385498751
28.2666666667	0.305863043759
28.2833333333	0.287871100008
28.3	0.32385498751
28.3166666667	0.251887212507
28.3333333333	0.287871100008
28.35	0.34184693126
28.3666666667	0.251887212507
28.3833333333	0.34184693126
28.4	0.269879156258
28.4166666667	0.287871100008
28.4333333333	0.287871100008
28.45	0.34184693126
28.4666666667	0.32385498751
28.4833333333	0.34184693126
28.5	0.34184693126
28.5166666667	0.32385498751
28.5333333333	0.269879156258
28.55	0.269879156258
28.5666666667	0.305863043759
28.5833333333	0.34184693126
28.6	0.32385498751
28.6166666667	0.32385498751
28.6333333333	0.305863043759
28.65	0.32385498751
28.6666666667	0.269879156258
28.6833333333	0.287871100008
28.7	0.32385498751
28.7166666667	0.305863043759
28.7333333333	0.269879156258
28.75	0.269879156258
28.7666666667	0.32385498751
28.7833333333	0.287871100008
28.8	0.269879156258
28.8166666667	0.287871100008
28.8333333333	0.287871100008
28.85	0.32385498751
28.8666666667	0.305863043759
28.8833333333	0.287871100008
28.9	0.269879156258
28.9166666667	0.34184693126
28.9333333333	0.32385498751
28.95	0.305863043759
28.9666666667	0.34184693126
28.9833333333	0.32385498751
29	0.269879156258
29.0166666667	0.287871100008
29.0333333333	0.251887212507
29.05	0.251887212507
29.0666666667	0.305863043759
29.0833333333	0.305863043759
29.1	0.305863043759
29.1166666667	0.305863043759
29.1333333333	0.287871100008
29.15	0.305863043759
29.1666666667	0.251887212507
29.1833333333	0.251887212507
29.2	0.287871100008
29.2166666667	0.287871100008
29.2333333333	0.32385498751
29.25	0.32385498751
29.2666666667	0.251887212507
29.2833333333	0.251887212507
29.3	0.287871100008
29.3166666667	0.305863043759
29.3333333333	0.34184693126
29.35	0.251887212507
29.3666666667	0.34184693126
29.3833333333	0.32385498751
29.4	0.287871100008
29.4166666667	0.305863043759
29.4333333333	0.32385498751
29.45	0.305863043759
29.4666666667	0.287871100008
29.4833333333	0.34184693126
29.5	0.34184693126
29.5166666667	0.350842903135
29.5333333333	0.32385498751
29.55	0.32385498751
29.5666666667	0.233895268757
29.5833333333	0.287871100008
29.6	0.34184693126
29.6166666667	0.305863043759
29.6333333333	0.350842903135
29.65	0.34184693126
29.6666666667	0.305863043759
29.6833333333	0.34184693126
29.7	0.305863043759
29.7166666667	0.350842903135
29.7333333333	0.32385498751
29.75	0.287871100008
29.7666666667	0.287871100008
29.7833333333	0.305863043759
29.8	0.287871100008
29.8166666667	0.32385498751
29.8333333333	0.305863043759
29.85	0.305863043759
29.8666666667	0.287871100008
29.8833333333	0.305863043759
29.9	0.287871100008
29.9166666667	0.305863043759
29.9333333333	0.269879156258
29.95	0.287871100008
29.9666666667	0.305863043759
29.9833333333	0.305863043759
30	0.34184693126
30.0166666667	0.287871100008
30.0333333333	0.287871100008
30.05	0.287871100008
30.0666666667	0.34184693126
30.0833333333	0.269879156258
30.1	0.305863043759
30.1166666667	0.269879156258
30.1333333333	0.287871100008
30.15	0.287871100008
30.1666666667	0.305863043759
