Vernier Format 2
SAS-140-05__C90a early isomer__LEFT__7th LG-PYE pass after 2 LG N-M passes__3pt06 mLmin o-Xyl__1500 uL__450 nm__1 injection__QC PURE.cmbl 5/25/2023 21:01:47 .
Latest
Time	Potential
t	Pot
min	mV

0	0.0269879156258
0.0166666666667	0.0269879156258
0.0333333333333	-0.0269879156258
0.05	0.0809637468774
0.0666666666667	-0.00899597187527
0.0833333333333	0.0449798593763
0.1	0.0899597187527
0.116666666667	0.0899597187527
0.133333333333	0.0629718031269
0.15	0.0809637468774
0.166666666667	0.0899597187527
0.183333333333	0.0809637468774
0.2	0.0899597187527
0.216666666667	0.0269879156258
0.233333333333	0.0629718031269
0.25	-0.00899597187527
0.266666666667	0.0449798593763
0.283333333333	-0.0269879156258
0.3	0.0449798593763
0.316666666667	0.00899597187527
0.333333333333	0.0629718031269
0.35	0.00899597187527
0.366666666667	-0.00899597187527
0.383333333333	0.0899597187527
0.4	0.0449798593763
0.416666666667	0.0269879156258
0.433333333333	0.0269879156258
0.45	0.00899597187527
0.466666666667	0.00899597187527
0.483333333333	-0.0269879156258
0.5	0.0269879156258
0.516666666667	0.0269879156258
0.533333333333	-0.00899597187527
0.55	0.00899597187527
0.566666666667	0.0899597187527
0.583333333333	0.0899597187527
0.6	0.0629718031269
0.616666666667	0.0629718031269
0.633333333333	0.0809637468774
0.65	0.0809637468774
0.666666666667	-0.0269879156258
0.683333333333	0.00899597187527
0.7	0.00899597187527
0.716666666667	0.00899597187527
0.733333333333	-0.0269879156258
0.75	0.0269879156258
0.766666666667	-0.00899597187527
0.783333333333	0.00899597187527
0.8	0.0269879156258
0.816666666667	0.0809637468774
0.833333333333	0.0269879156258
0.85	-0.0269879156258
0.866666666667	0.0449798593763
0.883333333333	0.00899597187527
0.9	-0.00899597187527
0.916666666667	-0.00899597187527
0.933333333333	-0.00899597187527
0.95	0.0269879156258
0.966666666667	-0.00899597187527
0.983333333333	0.0269879156258
1	-0.00899597187527
1.01666666667	-0.00899597187527
1.03333333333	-0.0269879156258
1.05	0.0449798593763
1.06666666667	0.0629718031269
1.08333333333	0.0269879156258
1.1	0.00899597187527
1.11666666667	-0.00899597187527
1.13333333333	0.00899597187527
1.15	0.00899597187527
1.16666666667	0.00899597187527
1.18333333333	-0.00899597187527
1.2	0.0269879156258
1.21666666667	0.00899597187527
1.23333333333	0.00899597187527
1.25	-0.00899597187527
1.26666666667	0.0269879156258
1.28333333333	-0.0449798593763
1.3	-0.0269879156258
1.31666666667	0.0269879156258
1.33333333333	0.0449798593763
1.35	-0.0269879156258
1.36666666667	-0.00899597187527
1.38333333333	0.0269879156258
1.4	0.00899597187527
1.41666666667	-0.00899597187527
1.43333333333	-0.00899597187527
1.45	0.00899597187527
1.46666666667	-0.00899597187527
1.48333333333	-0.0269879156258
1.5	0.00899597187527
1.51666666667	-0.00899597187527
1.53333333333	-0.00899597187527
1.55	0.00899597187527
1.56666666667	0.0269879156258
1.58333333333	0.0629718031269
1.6	0.0449798593763
1.61666666667	-0.00899597187527
1.63333333333	0.0809637468774
1.65	0.0269879156258
1.66666666667	-0.00899597187527
1.68333333333	-0.0269879156258
1.7	0.0899597187527
1.71666666667	0.0629718031269
1.73333333333	-0.00899597187527
1.75	-0.0269879156258
1.76666666667	0.0899597187527
1.78333333333	0.0809637468774
1.8	0.0899597187527
1.81666666667	0.0899597187527
1.83333333333	0.0899597187527
1.85	0.00899597187527
1.86666666667	0.0629718031269
1.88333333333	0.0809637468774
1.9	0.0899597187527
1.91666666667	0.0899597187527
1.93333333333	0.0629718031269
1.95	0.0899597187527
1.96666666667	0.0899597187527
1.98333333333	0.0449798593763
2	0.0269879156258
2.01666666667	0.0629718031269
2.03333333333	0.0449798593763
2.05	0.0629718031269
2.06666666667	0.0449798593763
2.08333333333	-0.00899597187527
2.1	0.0809637468774
2.11666666667	0.00899597187527
2.13333333333	0.0629718031269
2.15	0.0269879156258
2.16666666667	0.0449798593763
2.18333333333	0.0809637468774
2.2	0.00899597187527
2.21666666667	0.0449798593763
2.23333333333	0.0899597187527
2.25	0.0629718031269
2.26666666667	0.0269879156258
2.28333333333	0.0269879156258
2.3	0.0269879156258
2.31666666667	0.00899597187527
2.33333333333	-0.00899597187527
2.35	0.0269879156258
2.36666666667	0.0809637468774
2.38333333333	0.0449798593763
2.4	-0.00899597187527
2.41666666667	0.00899597187527
2.43333333333	0.0629718031269
2.45	-0.00899597187527
2.46666666667	0.0269879156258
2.48333333333	0.0269879156258
2.5	0.0269879156258
2.51666666667	0.0629718031269
2.53333333333	-0.0269879156258
2.55	0.00899597187527
2.56666666667	-0.00899597187527
2.58333333333	0.0269879156258
2.6	0.00899597187527
2.61666666667	-0.00899597187527
2.63333333333	0.0449798593763
2.65	0.00899597187527
2.66666666667	0.0449798593763
2.68333333333	0.0629718031269
2.7	0.0809637468774
2.71666666667	0.0629718031269
2.73333333333	0.00899597187527
2.75	0.00899597187527
2.76666666667	0.0809637468774
2.78333333333	-0.00899597187527
2.8	0.00899597187527
2.81666666667	0.00899597187527
2.83333333333	0.00899597187527
2.85	0.0449798593763
2.86666666667	0.0809637468774
2.88333333333	0.00899597187527
2.9	0.0809637468774
2.91666666667	0.0629718031269
2.93333333333	0.0629718031269
2.95	-0.00899597187527
2.96666666667	0.0269879156258
2.98333333333	-0.0269879156258
3	0.0269879156258
3.01666666667	0.0269879156258
3.03333333333	-0.00899597187527
3.05	0.0449798593763
3.06666666667	0.0449798593763
3.08333333333	0.0629718031269
3.1	0.0809637468774
3.11666666667	0.0629718031269
3.13333333333	0.0629718031269
3.15	-0.00899597187527
3.16666666667	-0.0269879156258
3.18333333333	0.0449798593763
3.2	0.0269879156258
3.21666666667	-0.00899597187527
3.23333333333	-0.00899597187527
3.25	-0.00899597187527
3.26666666667	-0.00899597187527
3.28333333333	0.00899597187527
3.3	0.0449798593763
3.31666666667	-0.00899597187527
3.33333333333	0.0269879156258
3.35	-0.00899597187527
3.36666666667	0.0629718031269
3.38333333333	0.0269879156258
3.4	0.00899597187527
3.41666666667	-0.00899597187527
3.43333333333	0.00899597187527
3.45	-0.00899597187527
3.46666666667	-0.0269879156258
3.48333333333	0.0269879156258
3.5	0.00899597187527
3.51666666667	0.0269879156258
3.53333333333	-0.00899597187527
3.55	0.0629718031269
3.56666666667	0.0809637468774
3.58333333333	0.0629718031269
3.6	-0.0269879156258
3.61666666667	0.0269879156258
3.63333333333	0.0269879156258
3.65	0.0629718031269
3.66666666667	0.00899597187527
3.68333333333	0.00899597187527
3.7	-0.00899597187527
3.71666666667	-0.00899597187527
3.73333333333	0.0269879156258
3.75	0.0269879156258
3.76666666667	0.0449798593763
3.78333333333	0.00899597187527
3.8	-0.00899597187527
3.81666666667	0.00899597187527
3.83333333333	0.0809637468774
3.85	0.0899597187527
3.86666666667	0.0629718031269
3.88333333333	0.0269879156258
3.9	0.0809637468774
3.91666666667	0.00899597187527
3.93333333333	0.0269879156258
3.95	0.00899597187527
3.96666666667	0.0269879156258
3.98333333333	0.0269879156258
4	0.0269879156258
4.01666666667	0.0449798593763
4.03333333333	0.0449798593763
4.05	0.0269879156258
4.06666666667	0.00899597187527
4.08333333333	-0.00899597187527
4.1	0.0269879156258
4.11666666667	0.0269879156258
4.13333333333	0.00899597187527
4.15	0.00899597187527
4.16666666667	0.0269879156258
4.18333333333	-0.00899597187527
4.2	0.00899597187527
4.21666666667	0.00899597187527
4.23333333333	0.0449798593763
4.25	0.00899597187527
4.26666666667	0.0269879156258
4.28333333333	-0.0449798593763
4.3	0.00899597187527
4.31666666667	0.0449798593763
4.33333333333	0.0629718031269
4.35	0.0629718031269
4.36666666667	0.0899597187527
4.38333333333	0.0809637468774
4.4	0.0629718031269
4.41666666667	-0.0269879156258
4.43333333333	0.0629718031269
4.45	0.0269879156258
4.46666666667	0.00899597187527
4.48333333333	0.00899597187527
4.5	0.0899597187527
4.51666666667	0.0269879156258
4.53333333333	-0.0269879156258
4.55	0.0449798593763
4.56666666667	0.0269879156258
4.58333333333	0.0449798593763
4.6	-0.00899597187527
4.61666666667	0.00899597187527
4.63333333333	0.0809637468774
4.65	0.0809637468774
4.66666666667	0.00899597187527
4.68333333333	-0.00899597187527
4.7	0.00899597187527
4.71666666667	0.0269879156258
4.73333333333	-0.00899597187527
4.75	-0.0269879156258
4.76666666667	0.0629718031269
4.78333333333	0.0629718031269
4.8	0.00899597187527
4.81666666667	0.0809637468774
4.83333333333	0.0899597187527
4.85	0.0449798593763
4.86666666667	-0.0269879156258
4.88333333333	-0.00899597187527
4.9	0.0809637468774
4.91666666667	0.0629718031269
4.93333333333	0.0449798593763
4.95	0.0899597187527
4.96666666667	0.0899597187527
4.98333333333	0.0629718031269
5	0.0449798593763
5.01666666667	0.0449798593763
5.03333333333	0.0449798593763
5.05	0.00899597187527
5.06666666667	0.00899597187527
5.08333333333	-0.0269879156258
5.1	0.0629718031269
5.11666666667	0.0809637468774
5.13333333333	0.0449798593763
5.15	0.0809637468774
5.16666666667	0.0269879156258
5.18333333333	0.0269879156258
5.2	0.0449798593763
5.21666666667	0.0449798593763
5.23333333333	0.0809637468774
5.25	0.0899597187527
5.26666666667	0.0899597187527
5.28333333333	0.0269879156258
5.3	0.0809637468774
5.31666666667	0.0899597187527
5.33333333333	-0.00899597187527
5.35	-0.0269879156258
5.36666666667	0.00899597187527
5.38333333333	0.0449798593763
5.4	0.0269879156258
5.41666666667	-0.00899597187527
5.43333333333	-0.00899597187527
5.45	0.0449798593763
5.46666666667	0.00899597187527
5.48333333333	-0.00899597187527
5.5	-0.0269879156258
5.51666666667	0.0449798593763
5.53333333333	0.0629718031269
5.55	0.0269879156258
5.56666666667	0.0449798593763
5.58333333333	0.0629718031269
5.6	-0.00899597187527
5.61666666667	0.0899597187527
5.63333333333	0.0629718031269
5.65	0.0629718031269
5.66666666667	0.0809637468774
5.68333333333	0.0449798593763
5.7	0.0629718031269
5.71666666667	0.0809637468774
5.73333333333	0.0629718031269
5.75	0.0629718031269
5.76666666667	0.0809637468774
5.78333333333	0.0629718031269
5.8	0.107951662503
5.81666666667	0.0449798593763
5.83333333333	0.0809637468774
5.85	0.0449798593763
5.86666666667	0.0899597187527
5.88333333333	0.0899597187527
5.9	0.0899597187527
5.91666666667	0.0899597187527
5.93333333333	0.0809637468774
5.95	0.0629718031269
5.96666666667	0.0899597187527
5.98333333333	0.0899597187527
6	0.107951662503
6.01666666667	0.0629718031269
6.03333333333	0.0899597187527
6.05	0.0629718031269
6.06666666667	0.0629718031269
6.08333333333	0.0449798593763
6.1	0.0809637468774
6.11666666667	0.0629718031269
6.13333333333	-0.00899597187527
6.15	0.00899597187527
6.16666666667	0.0629718031269
6.18333333333	-0.00899597187527
6.2	0.0629718031269
6.21666666667	0.00899597187527
6.23333333333	0.0629718031269
6.25	0.0809637468774
6.26666666667	-0.00899597187527
6.28333333333	-0.00899597187527
6.3	0.0899597187527
6.31666666667	0.0449798593763
6.33333333333	-0.00899597187527
6.35	0.0269879156258
6.36666666667	0.0899597187527
6.38333333333	0.0449798593763
6.4	0.0449798593763
6.41666666667	0.0449798593763
6.43333333333	0.0809637468774
6.45	0.0809637468774
6.46666666667	0.0449798593763
6.48333333333	0.0629718031269
6.5	0.0269879156258
6.51666666667	0.0269879156258
6.53333333333	0.0269879156258
6.55	0.0449798593763
6.56666666667	0.0809637468774
6.58333333333	-0.00899597187527
6.6	0.0449798593763
6.61666666667	0.0269879156258
6.63333333333	0.0269879156258
6.65	0.0629718031269
6.66666666667	0.0629718031269
6.68333333333	0.0449798593763
6.7	0.0809637468774
6.71666666667	0.0629718031269
6.73333333333	-0.00899597187527
6.75	0.0629718031269
6.76666666667	0.0899597187527
6.78333333333	0.00899597187527
6.8	0.00899597187527
6.81666666667	0.00899597187527
6.83333333333	-0.00899597187527
6.85	0.00899597187527
6.86666666667	0.00899597187527
6.88333333333	0.0449798593763
6.9	0.0899597187527
6.91666666667	0.0809637468774
6.93333333333	0.00899597187527
6.95	0.0269879156258
6.96666666667	0.0809637468774
6.98333333333	0.0899597187527
7	-0.0269879156258
7.01666666667	0.0809637468774
7.03333333333	0.0899597187527
7.05	0.0809637468774
7.06666666667	0.0899597187527
7.08333333333	0.0449798593763
7.1	0.0899597187527
7.11666666667	0.0899597187527
7.13333333333	0.0899597187527
7.15	0.0899597187527
7.16666666667	0.0899597187527
7.18333333333	0.0899597187527
7.2	0.107951662503
7.21666666667	0.107951662503
7.23333333333	0.107951662503
7.25	0.107951662503
7.26666666667	0.107951662503
7.28333333333	0.0899597187527
7.3	0.0899597187527
7.31666666667	0.107951662503
7.33333333333	0.0899597187527
7.35	0.107951662503
7.36666666667	0.0899597187527
7.38333333333	0.0899597187527
7.4	0.107951662503
7.41666666667	0.0899597187527
7.43333333333	0.107951662503
7.45	0.125943606254
7.46666666667	0.0899597187527
7.48333333333	0.107951662503
7.5	0.0899597187527
7.51666666667	0.0899597187527
7.53333333333	0.107951662503
7.55	0.107951662503
7.56666666667	0.107951662503
7.58333333333	0.125943606254
7.6	0.107951662503
7.61666666667	0.107951662503
7.63333333333	0.107951662503
7.65	0.0899597187527
7.66666666667	0.107951662503
7.68333333333	0.0899597187527
7.7	0.107951662503
7.71666666667	0.0899597187527
7.73333333333	0.0899597187527
7.75	0.0899597187527
7.76666666667	0.107951662503
7.78333333333	0.125943606254
7.8	0.125943606254
7.81666666667	0.107951662503
7.83333333333	0.0899597187527
7.85	0.0899597187527
7.86666666667	0.125943606254
7.88333333333	0.0899597187527
7.9	0.125943606254
7.91666666667	0.107951662503
7.93333333333	0.0899597187527
7.95	0.0899597187527
7.96666666667	0.0899597187527
7.98333333333	0.0899597187527
8	0.0899597187527
8.01666666667	0.0899597187527
8.03333333333	0.107951662503
8.05	0.107951662503
8.06666666667	0.0899597187527
8.08333333333	0.0899597187527
8.1	0.0899597187527
8.11666666667	0.107951662503
8.13333333333	0.0899597187527
8.15	0.0899597187527
8.16666666667	0.107951662503
8.18333333333	0.0899597187527
8.2	0.0899597187527
8.21666666667	0.0899597187527
8.23333333333	0.107951662503
8.25	0.0899597187527
8.26666666667	0.0899597187527
8.28333333333	0.107951662503
8.3	0.0899597187527
8.31666666667	0.107951662503
8.33333333333	0.0899597187527
8.35	0.107951662503
8.36666666667	0.0899597187527
8.38333333333	0.0899597187527
8.4	0.0899597187527
8.41666666667	0.0899597187527
8.43333333333	0.0899597187527
8.45	0.0899597187527
8.46666666667	0.0809637468774
8.48333333333	0.0899597187527
8.5	0.107951662503
8.51666666667	0.0899597187527
8.53333333333	0.107951662503
8.55	0.0899597187527
8.56666666667	0.0899597187527
8.58333333333	0.0809637468774
8.6	0.107951662503
8.61666666667	0.0809637468774
8.63333333333	0.0809637468774
8.65	0.107951662503
8.66666666667	0.107951662503
8.68333333333	0.0899597187527
8.7	0.125943606254
8.71666666667	0.125943606254
8.73333333333	0.0899597187527
8.75	0.0899597187527
8.76666666667	0.0899597187527
8.78333333333	0.107951662503
8.8	0.125943606254
8.81666666667	0.0899597187527
8.83333333333	0.107951662503
8.85	0.0899597187527
8.86666666667	0.0899597187527
8.88333333333	0.0899597187527
8.9	0.0899597187527
8.91666666667	0.0899597187527
8.93333333333	0.0899597187527
8.95	0.0899597187527
8.96666666667	0.0899597187527
8.98333333333	0.0899597187527
9	0.107951662503
9.01666666667	0.0899597187527
9.03333333333	0.143935550004
9.05	0.0899597187527
9.06666666667	0.0899597187527
9.08333333333	0.0899597187527
9.1	0.0899597187527
9.11666666667	0.0899597187527
9.13333333333	0.107951662503
9.15	0.0899597187527
9.16666666667	0.0899597187527
9.18333333333	0.0899597187527
9.2	0.0899597187527
9.21666666667	0.0809637468774
9.23333333333	0.0899597187527
9.25	0.107951662503
9.26666666667	0.0899597187527
9.28333333333	0.107951662503
9.3	0.0899597187527
9.31666666667	0.107951662503
9.33333333333	0.0899597187527
9.35	0.0899597187527
9.36666666667	0.0899597187527
9.38333333333	0.0899597187527
9.4	0.0899597187527
9.41666666667	0.0899597187527
9.43333333333	0.0899597187527
9.45	0.107951662503
9.46666666667	0.0809637468774
9.48333333333	0.0899597187527
9.5	0.0899597187527
9.51666666667	0.0899597187527
9.53333333333	0.0899597187527
9.55	0.107951662503
9.56666666667	0.0899597187527
9.58333333333	0.0809637468774
9.6	0.0899597187527
9.61666666667	0.0899597187527
9.63333333333	0.107951662503
9.65	0.0899597187527
9.66666666667	0.107951662503
9.68333333333	0.0899597187527
9.7	0.0899597187527
9.71666666667	0.0899597187527
9.73333333333	0.0899597187527
9.75	0.0899597187527
9.76666666667	0.107951662503
9.78333333333	0.0899597187527
9.8	0.0899597187527
9.81666666667	0.0899597187527
9.83333333333	0.0899597187527
9.85	0.125943606254
9.86666666667	0.0899597187527
9.88333333333	0.0899597187527
9.9	0.0899597187527
9.91666666667	0.107951662503
9.93333333333	0.0899597187527
9.95	0.0899597187527
9.96666666667	0.0899597187527
9.98333333333	0.0899597187527
10	0.0899597187527
10.0166666667	0.107951662503
10.0333333333	0.0899597187527
10.05	0.107951662503
10.0666666667	0.107951662503
10.0833333333	0.0899597187527
10.1	0.125943606254
10.1166666667	0.0899597187527
10.1333333333	0.107951662503
10.15	0.0899597187527
10.1666666667	0.0899597187527
10.1833333333	0.0899597187527
10.2	0.0899597187527
10.2166666667	0.0899597187527
10.2333333333	0.0899597187527
10.25	0.0899597187527
10.2666666667	0.0899597187527
10.2833333333	0.0899597187527
10.3	0.125943606254
10.3166666667	0.0899597187527
10.3333333333	0.0899597187527
10.35	0.107951662503
10.3666666667	0.0899597187527
10.3833333333	0.107951662503
10.4	0.161927493755
10.4166666667	0.179919437505
10.4333333333	0.125943606254
10.45	0.125943606254
10.4666666667	0.161927493755
10.4833333333	0.143935550004
10.5	0.242891240632
10.5166666667	0.278875128133
10.5333333333	0.242891240632
10.55	0.32385498751
10.5666666667	0.32385498751
10.5833333333	0.386826790636
10.6	0.530762340641
10.6166666667	0.422810678137
10.6333333333	0.575742200017
10.65	0.593734143768
10.6666666667	0.728673721896
10.6833333333	0.8366253844
10.7	0.944577046903
10.7166666667	1.02554079378
10.7333333333	1.17847231566
10.75	1.41236758442
10.7666666667	1.59228702192
10.7833333333	1.82618229068
10.8	2.06007755944
10.8166666667	2.25798894069
10.8333333333	2.57284795633
10.85	2.82473516883
10.8666666667	3.13959418447
10.8833333333	3.3824854251
10.9	3.68834846886
10.9166666667	3.91324776574
10.9333333333	4.13814706262
10.95	4.39003427513
10.9666666667	4.58794565639
10.9833333333	4.75886912202
11	4.88481272827
11.0166666667	5.03774425015
11.0333333333	5.18167980015
11.05	5.25364757515
11.0666666667	5.35260326578
11.0833333333	5.35260326578
11.1	5.40657909703
11.1166666667	5.35260326578
11.1333333333	5.33461132203
11.15	5.33461132203
11.1666666667	5.30762340641
11.1833333333	5.1996717439
11.2	5.15469188453
11.2166666667	5.03774425015
11.2333333333	4.97477244702
11.25	4.89380870014
11.2666666667	4.74087717826
11.2833333333	4.58794565639
11.3	4.57894968451
11.3166666667	4.40802621888
11.3333333333	4.24609872513
11.35	4.0751752595
11.3666666667	3.91324776574
11.3833333333	3.77830818761
11.4	3.58939277823
11.4166666667	3.4904370876
11.4333333333	3.3105176501
11.45	3.15758612822
11.4666666667	3.01365057821
11.4833333333	2.86071905633
11.5	2.72577947821
11.5166666667	2.59083990008
11.5333333333	2.48288823757
11.55	2.35694463132
11.5666666667	2.23999699694
11.5833333333	2.11405339069
11.6	1.96112186881
11.6166666667	1.88915409381
11.6333333333	1.80819034693
11.65	1.66425479692
11.6666666667	1.61027896567
11.6833333333	1.51132327504
11.7	1.41236758442
11.7166666667	1.30441592191
11.7333333333	1.25943606254
11.75	1.16048037191
11.7666666667	1.09750856878
11.7833333333	1.11550051253
11.8	0.989556906279
11.8166666667	0.944577046903
11.8333333333	0.8366253844
11.85	0.764657609398
11.8666666667	0.827629412524
11.8833333333	0.692689834395
11.9	0.710681778146
11.9166666667	0.575742200017
11.9333333333	0.557750256266
11.95	0.539758312516
11.9666666667	0.539758312516
11.9833333333	0.440802621888
12	0.49477845314
12.0166666667	0.404818734387
12.0333333333	0.386826790636
12.05	0.386826790636
12.0666666667	0.34184693126
12.0833333333	0.314859015634
12.1	0.314859015634
12.1166666667	0.314859015634
12.1333333333	0.260883184383
12.15	0.242891240632
12.1666666667	0.260883184383
12.1833333333	0.242891240632
12.2	0.242891240632
12.2166666667	0.242891240632
12.2333333333	0.233895268757
12.25	0.233895268757
12.2666666667	0.215903325006
12.2833333333	0.179919437505
12.3	0.215903325006
12.3166666667	0.143935550004
12.3333333333	0.161927493755
12.35	0.143935550004
12.3666666667	0.161927493755
12.3833333333	0.143935550004
12.4	0.161927493755
12.4166666667	0.197911381256
12.4333333333	0.242891240632
12.45	0.215903325006
12.4666666667	0.242891240632
12.4833333333	0.161927493755
12.5	0.161927493755
12.5166666667	0.161927493755
12.5333333333	0.0899597187527
12.55	0.107951662503
12.5666666667	0.143935550004
12.5833333333	0.0899597187527
12.6	0.107951662503
12.6166666667	0.107951662503
12.6333333333	0.0899597187527
12.65	0.0899597187527
12.6666666667	0.107951662503
12.6833333333	0.0899597187527
12.7	0.143935550004
12.7166666667	0.143935550004
12.7333333333	0.0899597187527
12.75	0.107951662503
12.7666666667	0.107951662503
12.7833333333	0.0899597187527
12.8	0.107951662503
12.8166666667	0.0899597187527
12.8333333333	0.0899597187527
12.85	0.143935550004
12.8666666667	0.0899597187527
12.8833333333	0.107951662503
12.9	0.0899597187527
12.9166666667	0.107951662503
12.9333333333	0.125943606254
12.95	0.0899597187527
12.9666666667	0.107951662503
12.9833333333	0.0899597187527
13	0.0899597187527
13.0166666667	0.107951662503
13.0333333333	0.0899597187527
13.05	0.0899597187527
13.0666666667	0.0899597187527
13.0833333333	0.0899597187527
13.1	0.0899597187527
13.1166666667	0.0899597187527
13.1333333333	0.125943606254
13.15	0.107951662503
13.1666666667	0.125943606254
13.1833333333	0.0899597187527
13.2	0.0899597187527
13.2166666667	0.0899597187527
13.2333333333	0.0899597187527
13.25	0.107951662503
13.2666666667	0.107951662503
13.2833333333	0.107951662503
13.3	0.0899597187527
13.3166666667	0.0899597187527
13.3333333333	0.107951662503
13.35	0.125943606254
13.3666666667	0.0899597187527
13.3833333333	0.0899597187527
13.4	0.0899597187527
13.4166666667	0.0899597187527
13.4333333333	0.143935550004
13.45	0.107951662503
13.4666666667	0.107951662503
13.4833333333	0.0899597187527
13.5	0.107951662503
13.5166666667	0.0899597187527
13.5333333333	0.0899597187527
13.55	0.0899597187527
13.5666666667	0.125943606254
13.5833333333	0.107951662503
13.6	0.107951662503
13.6166666667	0.0899597187527
13.6333333333	0.0899597187527
13.65	0.0899597187527
13.6666666667	0.0899597187527
13.6833333333	0.0899597187527
13.7	0.107951662503
13.7166666667	0.0899597187527
13.7333333333	0.0809637468774
13.75	0.0899597187527
13.7666666667	0.0899597187527
13.7833333333	0.0899597187527
13.8	0.0899597187527
13.8166666667	0.107951662503
13.8333333333	0.0899597187527
13.85	0.107951662503
13.8666666667	0.0899597187527
13.8833333333	0.0899597187527
13.9	0.0899597187527
13.9166666667	0.107951662503
13.9333333333	0.0899597187527
13.95	0.125943606254
13.9666666667	0.107951662503
13.9833333333	0.0899597187527
14	0.0899597187527
14.0166666667	0.0899597187527
14.0333333333	0.107951662503
14.05	0.0899597187527
14.0666666667	0.0899597187527
14.0833333333	0.0899597187527
14.1	0.0899597187527
14.1166666667	0.125943606254
14.1333333333	0.0899597187527
14.15	0.107951662503
14.1666666667	0.107951662503
14.1833333333	0.0899597187527
14.2	0.0809637468774
14.2166666667	0.125943606254
14.2333333333	0.0899597187527
14.25	0.0899597187527
14.2666666667	0.107951662503
14.2833333333	0.0809637468774
14.3	0.0899597187527
14.3166666667	0.0899597187527
14.3333333333	0.0809637468774
14.35	0.0809637468774
14.3666666667	0.107951662503
14.3833333333	0.0809637468774
14.4	0.0899597187527
14.4166666667	0.0809637468774
14.4333333333	0.0809637468774
14.45	0.0899597187527
14.4666666667	0.107951662503
14.4833333333	0.0629718031269
14.5	0.0899597187527
14.5166666667	0.0899597187527
14.5333333333	0.0899597187527
14.55	0.0899597187527
14.5666666667	0.161927493755
14.5833333333	0.107951662503
14.6	0.0809637468774
14.6166666667	0.0809637468774
14.6333333333	0.0809637468774
14.65	0.0809637468774
14.6666666667	0.0899597187527
14.6833333333	0.0899597187527
14.7	0.0899597187527
14.7166666667	0.0899597187527
14.7333333333	0.107951662503
14.75	0.0899597187527
14.7666666667	0.0899597187527
14.7833333333	0.0899597187527
14.8	0.0899597187527
14.8166666667	0.0899597187527
14.8333333333	0.125943606254
14.85	0.0899597187527
14.8666666667	0.0899597187527
14.8833333333	0.0899597187527
14.9	0.125943606254
14.9166666667	0.0899597187527
14.9333333333	0.0899597187527
14.95	0.107951662503
14.9666666667	0.0899597187527
14.9833333333	0.0899597187527
15	0.107951662503
15.0166666667	0.0899597187527
15.0333333333	0.107951662503
15.05	0.0899597187527
15.0666666667	0.107951662503
15.0833333333	0.0899597187527
15.1	0.0899597187527
15.1166666667	0.125943606254
15.1333333333	0.0899597187527
15.15	0.125943606254
15.1666666667	0.107951662503
15.1833333333	0.0899597187527
15.2	0.107951662503
15.2166666667	0.0899597187527
15.2333333333	0.0899597187527
15.25	0.107951662503
15.2666666667	0.107951662503
15.2833333333	0.0899597187527
15.3	0.0899597187527
15.3166666667	0.0809637468774
15.3333333333	0.0809637468774
15.35	0.0899597187527
15.3666666667	0.0899597187527
15.3833333333	0.0899597187527
15.4	0.0899597187527
15.4166666667	0.0899597187527
15.4333333333	0.107951662503
15.45	0.0899597187527
15.4666666667	0.0899597187527
15.4833333333	0.0899597187527
15.5	0.107951662503
15.5166666667	0.0899597187527
15.5333333333	0.0899597187527
15.55	0.0809637468774
15.5666666667	0.107951662503
15.5833333333	0.0809637468774
15.6	0.0899597187527
15.6166666667	0.0899597187527
15.6333333333	0.0899597187527
15.65	0.0899597187527
15.6666666667	0.0809637468774
15.6833333333	0.0899597187527
15.7	0.0899597187527
15.7166666667	0.0899597187527
15.7333333333	0.107951662503
15.75	0.0899597187527
15.7666666667	0.125943606254
15.7833333333	0.0899597187527
15.8	0.0899597187527
15.8166666667	0.0899597187527
15.8333333333	0.0899597187527
15.85	0.0899597187527
15.8666666667	0.0899597187527
15.8833333333	0.0899597187527
15.9	0.107951662503
15.9166666667	0.0899597187527
15.9333333333	0.0899597187527
15.95	0.0899597187527
15.9666666667	0.0899597187527
15.9833333333	0.0899597187527
16	0.107951662503
16.0166666667	0.0899597187527
16.0333333333	0.107951662503
16.05	0.0899597187527
16.0666666667	0.0899597187527
16.0833333333	0.0899597187527
16.1	0.107951662503
16.1166666667	0.0899597187527
16.1333333333	0.0899597187527
16.15	0.107951662503
16.1666666667	0.0899597187527
16.1833333333	0.0899597187527
16.2	0.0899597187527
16.2166666667	0.0899597187527
16.2333333333	0.0899597187527
16.25	0.0809637468774
16.2666666667	0.0809637468774
16.2833333333	0.107951662503
16.3	0.0899597187527
16.3166666667	0.0899597187527
16.3333333333	0.0809637468774
16.35	0.0899597187527
16.3666666667	0.0899597187527
16.3833333333	0.0899597187527
16.4	0.107951662503
16.4166666667	0.0899597187527
16.4333333333	0.0899597187527
16.45	0.107951662503
16.4666666667	0.0899597187527
16.4833333333	0.0899597187527
16.5	0.107951662503
16.5166666667	0.107951662503
16.5333333333	0.0899597187527
16.55	0.0899597187527
16.5666666667	0.107951662503
16.5833333333	0.0899597187527
16.6	0.0899597187527
16.6166666667	0.0899597187527
16.6333333333	0.107951662503
16.65	0.0899597187527
16.6666666667	0.0899597187527
16.6833333333	0.0899597187527
16.7	0.0899597187527
16.7166666667	0.0899597187527
16.7333333333	0.0899597187527
16.75	0.107951662503
16.7666666667	0.107951662503
16.7833333333	0.107951662503
16.8	0.107951662503
16.8166666667	0.107951662503
16.8333333333	0.143935550004
16.85	0.0899597187527
16.8666666667	0.0899597187527
16.8833333333	0.0899597187527
16.9	0.0899597187527
16.9166666667	0.0899597187527
16.9333333333	0.0899597187527
16.95	0.0899597187527
16.9666666667	0.107951662503
16.9833333333	0.0809637468774
17	0.0449798593763
17.0166666667	0.0899597187527
17.0333333333	0.0899597187527
17.05	0.0899597187527
17.0666666667	0.107951662503
17.0833333333	0.0899597187527
17.1	0.0899597187527
17.1166666667	0.107951662503
17.1333333333	0.0899597187527
17.15	0.0899597187527
17.1666666667	0.0899597187527
17.1833333333	0.0899597187527
17.2	0.0809637468774
17.2166666667	0.0899597187527
17.2333333333	0.0899597187527
17.25	0.0899597187527
17.2666666667	0.107951662503
17.2833333333	0.0899597187527
17.3	0.107951662503
17.3166666667	0.0899597187527
17.3333333333	0.0899597187527
17.35	0.0899597187527
17.3666666667	0.125943606254
17.3833333333	0.0899597187527
17.4	0.0899597187527
17.4166666667	0.0809637468774
17.4333333333	0.107951662503
17.45	0.0899597187527
17.4666666667	0.107951662503
17.4833333333	0.107951662503
17.5	0.125943606254
17.5166666667	0.0899597187527
17.5333333333	0.107951662503
17.55	0.0899597187527
17.5666666667	0.125943606254
17.5833333333	0.107951662503
17.6	0.0899597187527
17.6166666667	0.107951662503
17.6333333333	0.0899597187527
17.65	0.0899597187527
17.6666666667	0.107951662503
17.6833333333	0.0899597187527
17.7	0.107951662503
17.7166666667	0.0899597187527
17.7333333333	0.0899597187527
17.75	0.125943606254
17.7666666667	0.107951662503
17.7833333333	0.107951662503
17.8	0.0809637468774
17.8166666667	0.107951662503
17.8333333333	0.125943606254
17.85	0.0899597187527
17.8666666667	0.0899597187527
17.8833333333	0.0899597187527
17.9	0.0899597187527
17.9166666667	0.0899597187527
17.9333333333	0.107951662503
17.95	0.0899597187527
17.9666666667	0.107951662503
17.9833333333	0.107951662503
18	0.0899597187527
18.0166666667	0.107951662503
18.0333333333	0.107951662503
18.05	0.107951662503
18.0666666667	0.0899597187527
18.0833333333	0.125943606254
18.1	0.0899597187527
18.1166666667	0.107951662503
18.1333333333	0.0899597187527
18.15	0.125943606254
18.1666666667	0.0899597187527
18.1833333333	0.0899597187527
18.2	0.0899597187527
18.2166666667	0.0899597187527
18.2333333333	0.0899597187527
18.25	0.0899597187527
18.2666666667	0.0899597187527
18.2833333333	0.0899597187527
18.3	0.107951662503
18.3166666667	0.0899597187527
18.3333333333	0.0899597187527
18.35	0.0899597187527
18.3666666667	0.0899597187527
18.3833333333	0.107951662503
18.4	0.0899597187527
18.4166666667	0.0899597187527
18.4333333333	0.0899597187527
18.45	0.107951662503
18.4666666667	0.0899597187527
18.4833333333	0.125943606254
18.5	0.0899597187527
18.5166666667	0.0899597187527
18.5333333333	0.0899597187527
18.55	0.0809637468774
18.5666666667	0.0899597187527
18.5833333333	0.107951662503
18.6	0.0899597187527
18.6166666667	0.125943606254
18.6333333333	0.0899597187527
18.65	0.0899597187527
18.6666666667	0.0899597187527
18.6833333333	0.0899597187527
18.7	0.0899597187527
18.7166666667	0.0899597187527
18.7333333333	0.107951662503
18.75	0.125943606254
18.7666666667	0.0899597187527
18.7833333333	0.0899597187527
18.8	0.0899597187527
18.8166666667	0.0629718031269
18.8333333333	0.107951662503
18.85	0.0899597187527
18.8666666667	0.0809637468774
18.8833333333	0.0899597187527
18.9	0.0899597187527
18.9166666667	0.107951662503
18.9333333333	0.0809637468774
18.95	0.0899597187527
18.9666666667	0.0809637468774
18.9833333333	0.0899597187527
19	0.107951662503
19.0166666667	0.0899597187527
19.0333333333	0.0899597187527
19.05	0.107951662503
19.0666666667	0.0899597187527
19.0833333333	0.0629718031269
19.1	0.0809637468774
19.1166666667	0.0899597187527
19.1333333333	0.0899597187527
19.15	0.0899597187527
19.1666666667	0.0899597187527
19.1833333333	0.107951662503
19.2	0.0899597187527
19.2166666667	0.0899597187527
19.2333333333	0.107951662503
19.25	0.0899597187527
19.2666666667	0.107951662503
19.2833333333	0.0899597187527
19.3	0.107951662503
19.3166666667	0.107951662503
19.3333333333	0.0899597187527
19.35	0.107951662503
19.3666666667	0.107951662503
19.3833333333	0.0899597187527
19.4	0.0899597187527
19.4166666667	0.0899597187527
19.4333333333	0.0899597187527
19.45	0.0899597187527
19.4666666667	0.0809637468774
19.4833333333	0.125943606254
19.5	0.0809637468774
19.5166666667	0.0899597187527
19.5333333333	0.0809637468774
19.55	0.0629718031269
19.5666666667	0.107951662503
19.5833333333	0.0899597187527
19.6	0.0899597187527
19.6166666667	0.107951662503
19.6333333333	0.0899597187527
19.65	0.0899597187527
19.6666666667	0.0899597187527
19.6833333333	0.0899597187527
19.7	0.107951662503
19.7166666667	0.0899597187527
19.7333333333	0.107951662503
19.75	0.0899597187527
19.7666666667	0.107951662503
19.7833333333	0.143935550004
19.8	0.0899597187527
19.8166666667	0.0899597187527
19.8333333333	0.107951662503
19.85	0.107951662503
19.8666666667	0.0899597187527
19.8833333333	0.0899597187527
19.9	0.107951662503
19.9166666667	0.0899597187527
19.9333333333	0.0899597187527
19.95	0.0899597187527
19.9666666667	0.0899597187527
19.9833333333	0.0899597187527
20	0.107951662503
20.0166666667	0.107951662503
20.0333333333	0.0899597187527
20.05	0.0899597187527
20.0666666667	0.0899597187527
20.0833333333	0.0899597187527
20.1	0.0899597187527
20.1166666667	0.125943606254
20.1333333333	0.0899597187527
20.15	0.0899597187527
20.1666666667	0.0899597187527
20.1833333333	0.0899597187527
20.2	0.107951662503
20.2166666667	0.0899597187527
20.2333333333	0.107951662503
20.25	0.0899597187527
20.2666666667	0.0899597187527
20.2833333333	0.0899597187527
20.3	0.0899597187527
20.3166666667	0.0899597187527
20.3333333333	0.0899597187527
20.35	0.107951662503
20.3666666667	0.107951662503
20.3833333333	0.0899597187527
20.4	0.107951662503
20.4166666667	0.0809637468774
20.4333333333	0.107951662503
20.45	0.0809637468774
20.4666666667	0.107951662503
20.4833333333	0.107951662503
20.5	0.0899597187527
20.5166666667	0.0899597187527
20.5333333333	0.107951662503
20.55	0.107951662503
20.5666666667	0.0899597187527
20.5833333333	0.0899597187527
20.6	0.107951662503
20.6166666667	0.0899597187527
20.6333333333	0.125943606254
20.65	0.0899597187527
20.6666666667	0.107951662503
20.6833333333	0.0899597187527
20.7	0.0899597187527
20.7166666667	0.0899597187527
20.7333333333	0.0899597187527
20.75	0.107951662503
20.7666666667	0.0899597187527
20.7833333333	0.0899597187527
20.8	0.125943606254
20.8166666667	0.107951662503
20.8333333333	0.0899597187527
20.85	0.0899597187527
20.8666666667	0.0899597187527
20.8833333333	0.0809637468774
20.9	0.0899597187527
20.9166666667	0.0899597187527
20.9333333333	0.125943606254
20.95	0.0809637468774
20.9666666667	0.107951662503
20.9833333333	0.107951662503
21	0.107951662503
21.0166666667	0.107951662503
21.0333333333	0.107951662503
21.05	0.0899597187527
21.0666666667	0.0899597187527
21.0833333333	0.0899597187527
21.1	0.107951662503
21.1166666667	0.0899597187527
21.1333333333	0.107951662503
21.15	0.0899597187527
21.1666666667	0.107951662503
21.1833333333	0.0899597187527
21.2	0.0899597187527
21.2166666667	0.0809637468774
21.2333333333	0.0899597187527
21.25	0.0899597187527
21.2666666667	0.107951662503
21.2833333333	0.107951662503
21.3	0.107951662503
21.3166666667	0.107951662503
21.3333333333	0.107951662503
21.35	0.0899597187527
21.3666666667	0.0899597187527
21.3833333333	0.107951662503
21.4	0.0899597187527
21.4166666667	0.0899597187527
21.4333333333	0.0899597187527
21.45	0.0899597187527
21.4666666667	0.107951662503
21.4833333333	0.107951662503
21.5	0.0899597187527
21.5166666667	0.0899597187527
21.5333333333	0.0899597187527
21.55	0.0899597187527
21.5666666667	0.107951662503
21.5833333333	0.0899597187527
21.6	0.0899597187527
21.6166666667	0.107951662503
21.6333333333	0.107951662503
21.65	0.0809637468774
21.6666666667	0.107951662503
21.6833333333	0.107951662503
21.7	0.143935550004
21.7166666667	0.107951662503
21.7333333333	0.107951662503
21.75	0.125943606254
21.7666666667	0.107951662503
21.7833333333	0.0899597187527
21.8	0.0899597187527
21.8166666667	0.107951662503
21.8333333333	0.107951662503
21.85	0.0899597187527
21.8666666667	0.0899597187527
21.8833333333	0.0899597187527
21.9	0.0899597187527
21.9166666667	0.125943606254
21.9333333333	0.0899597187527
21.95	0.0899597187527
21.9666666667	0.0899597187527
21.9833333333	0.0899597187527
22	0.0899597187527
22.0166666667	0.0899597187527
22.0333333333	0.0899597187527
22.05	0.107951662503
22.0666666667	0.107951662503
22.0833333333	0.0899597187527
22.1	0.0899597187527
22.1166666667	0.0899597187527
22.1333333333	0.0899597187527
22.15	0.107951662503
22.1666666667	0.107951662503
22.1833333333	0.125943606254
22.2	0.0899597187527
22.2166666667	0.0899597187527
22.2333333333	0.0899597187527
22.25	0.0899597187527
22.2666666667	0.107951662503
22.2833333333	0.107951662503
22.3	0.0899597187527
22.3166666667	0.0899597187527
22.3333333333	0.107951662503
22.35	0.0899597187527
22.3666666667	0.0899597187527
22.3833333333	0.0899597187527
22.4	0.107951662503
22.4166666667	0.0899597187527
22.4333333333	0.107951662503
22.45	0.0809637468774
22.4666666667	0.107951662503
22.4833333333	0.0899597187527
22.5	0.0899597187527
22.5166666667	0.0899597187527
22.5333333333	0.107951662503
22.55	0.0899597187527
22.5666666667	0.107951662503
22.5833333333	0.107951662503
22.6	0.107951662503
22.6166666667	0.0899597187527
22.6333333333	0.0899597187527
22.65	0.0899597187527
22.6666666667	0.0899597187527
22.6833333333	0.0899597187527
22.7	0.107951662503
22.7166666667	0.107951662503
22.7333333333	0.0899597187527
22.75	0.0899597187527
22.7666666667	0.125943606254
22.7833333333	0.0899597187527
22.8	0.0899597187527
22.8166666667	0.107951662503
22.8333333333	0.0899597187527
22.85	0.107951662503
22.8666666667	0.107951662503
22.8833333333	0.0899597187527
22.9	0.0899597187527
22.9166666667	0.0899597187527
22.9333333333	0.0899597187527
22.95	0.125943606254
22.9666666667	0.125943606254
22.9833333333	0.0899597187527
23	0.0899597187527
23.0166666667	0.143935550004
23.0333333333	0.125943606254
23.05	0.0899597187527
23.0666666667	0.0899597187527
23.0833333333	0.107951662503
23.1	0.0899597187527
23.1166666667	0.143935550004
23.1333333333	0.0899597187527
23.15	0.107951662503
23.1666666667	0.125943606254
23.1833333333	0.0899597187527
23.2	0.107951662503
23.2166666667	0.0899597187527
23.2333333333	0.0899597187527
23.25	0.107951662503
23.2666666667	0.125943606254
23.2833333333	0.107951662503
23.3	0.0899597187527
23.3166666667	0.107951662503
23.3333333333	0.107951662503
23.35	0.107951662503
23.3666666667	0.0899597187527
23.3833333333	0.107951662503
23.4	0.0899597187527
23.4166666667	0.0899597187527
23.4333333333	0.0899597187527
23.45	0.107951662503
23.4666666667	0.107951662503
23.4833333333	0.0899597187527
23.5	0.0899597187527
23.5166666667	0.0899597187527
23.5333333333	0.125943606254
23.55	0.0899597187527
23.5666666667	0.0899597187527
23.5833333333	0.0899597187527
23.6	0.0899597187527
23.6166666667	0.0899597187527
23.6333333333	0.0899597187527
23.65	0.107951662503
23.6666666667	0.107951662503
23.6833333333	0.0899597187527
23.7	0.0899597187527
23.7166666667	0.0899597187527
23.7333333333	0.0899597187527
23.75	0.107951662503
23.7666666667	0.0899597187527
23.7833333333	0.0899597187527
23.8	0.0899597187527
23.8166666667	0.107951662503
23.8333333333	0.107951662503
23.85	0.107951662503
23.8666666667	0.0899597187527
23.8833333333	0.125943606254
23.9	0.0899597187527
23.9166666667	0.0899597187527
23.9333333333	0.0899597187527
23.95	0.143935550004
23.9666666667	0.0899597187527
23.9833333333	0.107951662503
24	0.125943606254
24.0166666667	0.107951662503
24.0333333333	0.0899597187527
24.05	0.107951662503
24.0666666667	0.107951662503
24.0833333333	0.0899597187527
24.1	0.0899597187527
24.1166666667	0.0899597187527
24.1333333333	0.0899597187527
24.15	0.107951662503
24.1666666667	0.125943606254
24.1833333333	0.107951662503
24.2	0.125943606254
24.2166666667	0.125943606254
24.2333333333	0.0899597187527
24.25	0.0899597187527
24.2666666667	0.0899597187527
24.2833333333	0.107951662503
24.3	0.0899597187527
24.3166666667	0.0899597187527
24.3333333333	0.0899597187527
24.35	0.107951662503
24.3666666667	0.107951662503
24.3833333333	0.0899597187527
24.4	0.107951662503
24.4166666667	0.107951662503
24.4333333333	0.0899597187527
24.45	0.0899597187527
24.4666666667	0.107951662503
24.4833333333	0.107951662503
24.5	0.0899597187527
24.5166666667	0.0899597187527
24.5333333333	0.107951662503
24.55	0.107951662503
24.5666666667	0.107951662503
24.5833333333	0.0899597187527
24.6	0.0899597187527
24.6166666667	0.0899597187527
24.6333333333	0.0899597187527
24.65	0.107951662503
24.6666666667	0.107951662503
24.6833333333	0.107951662503
24.7	0.0899597187527
24.7166666667	0.107951662503
24.7333333333	0.0899597187527
24.75	0.0899597187527
24.7666666667	0.0899597187527
24.7833333333	0.107951662503
24.8	0.0899597187527
24.8166666667	0.107951662503
24.8333333333	0.107951662503
24.85	0.107951662503
24.8666666667	0.125943606254
24.8833333333	0.0899597187527
24.9	0.107951662503
24.9166666667	0.0899597187527
24.9333333333	0.0899597187527
24.95	0.0899597187527
24.9666666667	0.125943606254
24.9833333333	0.0899597187527
25	0.0899597187527
25.0166666667	0.107951662503
25.0333333333	0.0899597187527
25.05	0.0899597187527
25.0666666667	0.0899597187527
25.0833333333	0.0899597187527
25.1	0.143935550004
25.1166666667	0.0899597187527
25.1333333333	0.0899597187527
25.15	0.0899597187527
25.1666666667	0.107951662503
25.1833333333	0.0899597187527
25.2	0.0899597187527
25.2166666667	0.0899597187527
25.2333333333	0.0899597187527
25.25	0.0899597187527
25.2666666667	0.0899597187527
25.2833333333	0.143935550004
25.3	0.107951662503
25.3166666667	0.107951662503
25.3333333333	0.107951662503
25.35	0.107951662503
25.3666666667	0.0899597187527
25.3833333333	0.107951662503
25.4	0.107951662503
25.4166666667	0.107951662503
25.4333333333	0.107951662503
25.45	0.0899597187527
25.4666666667	0.107951662503
25.4833333333	0.0899597187527
25.5	0.0899597187527
25.5166666667	0.0899597187527
25.5333333333	0.0899597187527
25.55	0.0899597187527
25.5666666667	0.0899597187527
25.5833333333	0.0899597187527
25.6	0.143935550004
25.6166666667	0.0899597187527
25.6333333333	0.0899597187527
25.65	0.125943606254
25.6666666667	0.107951662503
25.6833333333	0.125943606254
25.7	0.0899597187527
25.7166666667	0.107951662503
25.7333333333	0.107951662503
25.75	0.107951662503
25.7666666667	0.107951662503
25.7833333333	0.0899597187527
25.8	0.107951662503
25.8166666667	0.0899597187527
25.8333333333	0.125943606254
25.85	0.0899597187527
25.8666666667	0.0899597187527
25.8833333333	0.0899597187527
25.9	0.125943606254
25.9166666667	0.0899597187527
25.9333333333	0.0899597187527
25.95	0.0899597187527
25.9666666667	0.107951662503
25.9833333333	0.0899597187527
26	0.125943606254
26.0166666667	0.107951662503
26.0333333333	0.0899597187527
26.05	0.125943606254
26.0666666667	0.107951662503
26.0833333333	0.0899597187527
26.1	0.107951662503
26.1166666667	0.107951662503
26.1333333333	0.107951662503
26.15	0.107951662503
26.1666666667	0.0899597187527
26.1833333333	0.0899597187527
26.2	0.125943606254
26.2166666667	0.107951662503
26.2333333333	0.0899597187527
26.25	0.0899597187527
26.2666666667	0.107951662503
26.2833333333	0.107951662503
26.3	0.0899597187527
26.3166666667	0.0899597187527
26.3333333333	0.0899597187527
26.35	0.0899597187527
26.3666666667	0.0899597187527
26.3833333333	0.107951662503
26.4	0.107951662503
26.4166666667	0.107951662503
26.4333333333	0.125943606254
26.45	0.0899597187527
26.4666666667	0.143935550004
26.4833333333	0.161927493755
26.5	0.125943606254
26.5166666667	0.125943606254
26.5333333333	0.143935550004
26.55	0.179919437505
26.5666666667	0.0899597187527
26.5833333333	0.143935550004
26.6	0.107951662503
26.6166666667	0.161927493755
26.6333333333	0.0899597187527
26.65	0.107951662503
26.6666666667	0.0899597187527
26.6833333333	0.107951662503
26.7	0.0899597187527
26.7166666667	0.0899597187527
26.7333333333	0.0899597187527
26.75	0.107951662503
26.7666666667	0.107951662503
26.7833333333	0.125943606254
26.8	0.197911381256
26.8166666667	0.0899597187527
26.8333333333	0.107951662503
26.85	0.107951662503
26.8666666667	0.125943606254
26.8833333333	0.161927493755
26.9	0.107951662503
26.9166666667	0.0899597187527
26.9333333333	0.125943606254
26.95	0.107951662503
26.9666666667	0.125943606254
26.9833333333	0.0899597187527
27	0.161927493755
27.0166666667	0.0899597187527
27.0333333333	0.107951662503
27.05	0.0899597187527
27.0666666667	0.197911381256
27.0833333333	0.125943606254
27.1	0.0899597187527
27.1166666667	0.107951662503
27.1333333333	0.107951662503
27.15	0.0899597187527
27.1666666667	0.0899597187527
27.1833333333	0.0899597187527
27.2	0.107951662503
27.2166666667	0.125943606254
27.2333333333	0.125943606254
27.25	0.161927493755
27.2666666667	0.143935550004
27.2833333333	0.107951662503
27.3	0.125943606254
27.3166666667	0.107951662503
27.3333333333	0.143935550004
27.35	0.0899597187527
27.3666666667	0.143935550004
27.3833333333	0.125943606254
27.4	0.107951662503
27.4166666667	0.0899597187527
27.4333333333	0.0899597187527
27.45	0.0899597187527
27.4666666667	0.143935550004
27.4833333333	0.107951662503
27.5	0.0899597187527
27.5166666667	0.0899597187527
27.5333333333	0.0899597187527
27.55	0.0899597187527
27.5666666667	0.0899597187527
27.5833333333	0.0899597187527
27.6	0.125943606254
27.6166666667	0.107951662503
27.6333333333	0.125943606254
27.65	0.0899597187527
27.6666666667	0.161927493755
27.6833333333	0.107951662503
27.7	0.0899597187527
27.7166666667	0.107951662503
27.7333333333	0.125943606254
27.75	0.215903325006
27.7666666667	0.107951662503
27.7833333333	0.0899597187527
27.8	0.0899597187527
27.8166666667	0.0899597187527
27.8333333333	0.0899597187527
27.85	0.107951662503
27.8666666667	0.125943606254
27.8833333333	0.0899597187527
27.9	0.0899597187527
27.9166666667	0.0899597187527
27.9333333333	0.125943606254
27.95	0.125943606254
27.9666666667	0.125943606254
27.9833333333	0.0899597187527
28	0.143935550004
28.0166666667	0.143935550004
28.0333333333	0.107951662503
28.05	0.0899597187527
28.0666666667	0.107951662503
28.0833333333	0.143935550004
28.1	0.107951662503
28.1166666667	0.107951662503
28.1333333333	0.107951662503
28.15	0.107951662503
28.1666666667	0.107951662503
28.1833333333	0.107951662503
28.2	0.179919437505
28.2166666667	0.161927493755
28.2333333333	0.107951662503
28.25	0.0899597187527
28.2666666667	0.197911381256
28.2833333333	0.143935550004
28.3	0.0899597187527
28.3166666667	0.107951662503
28.3333333333	0.107951662503
28.35	0.125943606254
28.3666666667	0.0899597187527
28.3833333333	0.0899597187527
28.4	0.107951662503
28.4166666667	0.107951662503
28.4333333333	0.0899597187527
28.45	0.0899597187527
28.4666666667	0.161927493755
28.4833333333	0.143935550004
28.5	0.107951662503
28.5166666667	0.107951662503
28.5333333333	0.125943606254
28.55	0.125943606254
28.5666666667	0.0899597187527
28.5833333333	0.0899597187527
28.6	0.0899597187527
28.6166666667	0.107951662503
28.6333333333	0.143935550004
28.65	0.107951662503
28.6666666667	0.161927493755
28.6833333333	0.197911381256
28.7	0.0899597187527
28.7166666667	0.0899597187527
28.7333333333	0.107951662503
28.75	0.125943606254
28.7666666667	0.107951662503
28.7833333333	0.125943606254
28.8	0.0899597187527
28.8166666667	0.0899597187527
28.8333333333	0.107951662503
28.85	0.0899597187527
28.8666666667	0.125943606254
28.8833333333	0.161927493755
28.9	0.0899597187527
28.9166666667	0.107951662503
28.9333333333	0.0899597187527
28.95	0.0899597187527
28.9666666667	0.107951662503
28.9833333333	0.0899597187527
29	0.143935550004
29.0166666667	0.143935550004
29.0333333333	0.107951662503
29.05	0.107951662503
29.0666666667	0.107951662503
29.0833333333	0.125943606254
29.1	0.161927493755
29.1166666667	0.107951662503
29.1333333333	0.107951662503
29.15	0.161927493755
29.1666666667	0.107951662503
29.1833333333	0.107951662503
29.2	0.179919437505
29.2166666667	0.215903325006
29.2333333333	0.233895268757
29.25	0.179919437505
29.2666666667	0.197911381256
29.2833333333	0.179919437505
29.3	0.215903325006
29.3166666667	0.233895268757
29.3333333333	0.143935550004
29.35	0.197911381256
29.3666666667	0.179919437505
29.3833333333	0.215903325006
29.4	0.179919437505
29.4166666667	0.197911381256
29.4333333333	0.215903325006
29.45	0.179919437505
29.4666666667	0.179919437505
29.4833333333	0.161927493755
29.5	0.197911381256
29.5166666667	0.179919437505
29.5333333333	0.197911381256
29.55	0.161927493755
29.5666666667	0.179919437505
29.5833333333	0.215903325006
29.6	0.161927493755
29.6166666667	0.161927493755
29.6333333333	0.197911381256
29.65	0.161927493755
29.6666666667	0.179919437505
29.6833333333	0.197911381256
29.7	0.233895268757
29.7166666667	0.197911381256
29.7333333333	0.143935550004
29.75	0.143935550004
29.7666666667	0.215903325006
29.7833333333	0.143935550004
29.8	0.143935550004
29.8166666667	0.143935550004
29.8333333333	0.215903325006
29.85	0.197911381256
29.8666666667	0.179919437505
29.8833333333	0.233895268757
29.9	0.215903325006
29.9166666667	0.197911381256
29.9333333333	0.143935550004
29.95	0.179919437505
29.9666666667	0.233895268757
29.9833333333	0.161927493755
30	0.125943606254
30.0166666667	0.242891240632
30.0333333333	0.197911381256
30.05	0.125943606254
30.0666666667	0.197911381256
30.0833333333	0.197911381256
30.1	0.215903325006
30.1166666667	0.179919437505
30.1333333333	0.215903325006
30.15	0.161927493755
30.1666666667	0.215903325006
30.1833333333	0.215903325006
30.2	0.125943606254
30.2166666667	0.197911381256
30.2333333333	0.161927493755
30.25	0.215903325006
30.2666666667	0.161927493755
30.2833333333	0.197911381256
30.3	0.215903325006
30.3166666667	0.233895268757
30.3333333333	0.179919437505
30.35	0.161927493755
30.3666666667	0.197911381256
30.3833333333	0.215903325006
30.4	0.143935550004
30.4166666667	0.179919437505
30.4333333333	0.233895268757
30.45	0.215903325006
30.4666666667	0.197911381256
30.4833333333	0.233895268757
30.5	0.179919437505
30.5166666667	0.215903325006
30.5333333333	0.197911381256
30.55	0.161927493755
30.5666666667	0.197911381256
30.5833333333	0.161927493755
30.6	0.161927493755
30.6166666667	0.125943606254
30.6333333333	0.161927493755
30.65	0.161927493755
30.6666666667	0.179919437505
30.6833333333	0.215903325006
30.7	0.197911381256
30.7166666667	0.215903325006
30.7333333333	0.143935550004
30.75	0.197911381256
30.7666666667	0.161927493755
30.7833333333	0.161927493755
30.8	0.143935550004
30.8166666667	0.197911381256
30.8333333333	0.197911381256
30.85	0.215903325006
30.8666666667	0.161927493755
30.8833333333	0.143935550004
30.9	0.215903325006
30.9166666667	0.197911381256
30.9333333333	0.197911381256
30.95	0.161927493755
30.9666666667	0.242891240632
30.9833333333	0.161927493755
31	0.197911381256
31.0166666667	0.233895268757
31.0333333333	0.197911381256
31.05	0.125943606254
31.0666666667	0.143935550004
31.0833333333	0.161927493755
31.1	0.197911381256
31.1166666667	0.161927493755
31.1333333333	0.179919437505
31.15	0.179919437505
31.1666666667	0.161927493755
31.1833333333	0.161927493755
31.2	0.143935550004
31.2166666667	0.107951662503
31.2333333333	0.197911381256
31.25	0.161927493755
31.2666666667	0.161927493755
31.2833333333	0.179919437505
31.3	0.197911381256
31.3166666667	0.179919437505
31.3333333333	0.161927493755
31.35	0.143935550004
31.3666666667	0.179919437505
31.3833333333	0.197911381256
31.4	0.197911381256
31.4166666667	0.125943606254
31.4333333333	0.197911381256
31.45	0.197911381256
31.4666666667	0.143935550004
31.4833333333	0.143935550004
31.5	0.143935550004
31.5166666667	0.179919437505
31.5333333333	0.125943606254
31.55	0.161927493755
31.5666666667	0.197911381256
31.5833333333	0.179919437505
31.6	0.179919437505
31.6166666667	0.179919437505
31.6333333333	0.224899296882
31.65	0.143935550004
31.6666666667	0.161927493755
31.6833333333	0.107951662503
31.7	0.143935550004
31.7166666667	0.143935550004
31.7333333333	0.125943606254
31.75	0.179919437505
31.7666666667	0.161927493755
31.7833333333	0.125943606254
31.8	0.179919437505
31.8166666667	0.197911381256
31.8333333333	0.161927493755
31.85	0.161927493755
31.8666666667	0.161927493755
31.8833333333	0.143935550004
31.9	0.215903325006
31.9166666667	0.161927493755
31.9333333333	0.125943606254
31.95	0.197911381256
31.9666666667	0.161927493755
31.9833333333	0.179919437505
32	0.125943606254
32.0166666667	0.179919437505
32.0333333333	0.197911381256
32.05	0.143935550004
32.0666666667	0.161927493755
32.0833333333	0.161927493755
32.1	0.161927493755
32.1166666667	0.143935550004
32.1333333333	0.161927493755
32.15	0.143935550004
32.1666666667	0.161927493755
32.1833333333	0.179919437505
32.2	0.143935550004
32.2166666667	0.143935550004
32.2333333333	0.179919437505
32.25	0.143935550004
32.2666666667	0.107951662503
32.2833333333	0.161927493755
32.3	0.161927493755
32.3166666667	0.161927493755
32.3333333333	0.197911381256
32.35	0.143935550004
32.3666666667	0.125943606254
32.3833333333	0.161927493755
32.4	0.161927493755
32.4166666667	0.161927493755
32.4333333333	0.143935550004
32.45	0.161927493755
32.4666666667	0.197911381256
32.4833333333	0.197911381256
32.5	0.143935550004
32.5166666667	0.161927493755
32.5333333333	0.143935550004
32.55	0.242891240632
32.5666666667	0.161927493755
32.5833333333	0.143935550004
32.6	0.161927493755
32.6166666667	0.143935550004
32.6333333333	0.143935550004
32.65	0.161927493755
32.6666666667	0.143935550004
32.6833333333	0.143935550004
32.7	0.197911381256
32.7166666667	0.143935550004
32.7333333333	0.197911381256
32.75	0.125943606254
32.7666666667	0.125943606254
32.7833333333	0.125943606254
32.8	0.179919437505
32.8166666667	0.143935550004
32.8333333333	0.125943606254
32.85	0.143935550004
32.8666666667	0.197911381256
32.8833333333	0.125943606254
32.9	0.161927493755
32.9166666667	0.161927493755
32.9333333333	0.143935550004
32.95	0.125943606254
32.9666666667	0.125943606254
32.9833333333	0.179919437505
33	0.161927493755
33.0166666667	0.143935550004
33.0333333333	0.143935550004
33.05	0.161927493755
33.0666666667	0.161927493755
33.0833333333	0.179919437505
33.1	0.179919437505
33.1166666667	0.143935550004
33.1333333333	0.179919437505
33.15	0.224899296882
33.1666666667	0.179919437505
33.1833333333	0.215903325006
33.2	0.161927493755
33.2166666667	0.143935550004
33.2333333333	0.179919437505
33.25	0.107951662503
33.2666666667	0.143935550004
33.2833333333	0.215903325006
33.3	0.125943606254
33.3166666667	0.143935550004
33.3333333333	0.197911381256
33.35	0.125943606254
33.3666666667	0.197911381256
33.3833333333	0.215903325006
33.4	0.143935550004
33.4166666667	0.143935550004
33.4333333333	0.179919437505
33.45	0.143935550004
33.4666666667	0.161927493755
33.4833333333	0.179919437505
33.5	0.179919437505
33.5166666667	0.161927493755
33.5333333333	0.143935550004
33.55	0.179919437505
33.5666666667	0.179919437505
33.5833333333	0.161927493755
33.6	0.179919437505
33.6166666667	0.179919437505
33.6333333333	0.197911381256
33.65	0.125943606254
33.6666666667	0.125943606254
33.6833333333	0.161927493755
33.7	0.143935550004
33.7166666667	0.161927493755
33.7333333333	0.143935550004
33.75	0.179919437505
33.7666666667	0.143935550004
33.7833333333	0.224899296882
33.8	0.161927493755
33.8166666667	0.143935550004
33.8333333333	0.125943606254
33.85	0.161927493755
33.8666666667	0.125943606254
33.8833333333	0.143935550004
33.9	0.161927493755
33.9166666667	0.161927493755
33.9333333333	0.143935550004
33.95	0.161927493755
33.9666666667	0.161927493755
33.9833333333	0.161927493755
34	0.161927493755
34.0166666667	0.143935550004
34.0333333333	0.179919437505
34.05	0.197911381256
34.0666666667	0.143935550004
34.0833333333	0.197911381256
34.1	0.107951662503
34.1166666667	0.143935550004
34.1333333333	0.143935550004
34.15	0.161927493755
34.1666666667	0.125943606254
34.1833333333	0.143935550004
34.2	0.197911381256
34.2166666667	0.161927493755
34.2333333333	0.161927493755
34.25	0.143935550004
34.2666666667	0.143935550004
34.2833333333	0.161927493755
34.3	0.143935550004
34.3166666667	0.161927493755
34.3333333333	0.143935550004
34.35	0.161927493755
34.3666666667	0.197911381256
34.3833333333	0.125943606254
34.4	0.197911381256
34.4166666667	0.161927493755
34.4333333333	0.161927493755
34.45	0.161927493755
34.4666666667	0.143935550004
34.4833333333	0.161927493755
34.5	0.179919437505
34.5166666667	0.179919437505
34.5333333333	0.179919437505
34.55	0.179919437505
34.5666666667	0.143935550004
34.5833333333	0.143935550004
34.6	0.125943606254
34.6166666667	0.125943606254
34.6333333333	0.161927493755
34.65	0.143935550004
34.6666666667	0.161927493755
34.6833333333	0.197911381256
34.7	0.125943606254
34.7166666667	0.125943606254
34.7333333333	0.143935550004
34.75	0.197911381256
34.7666666667	0.107951662503
34.7833333333	0.143935550004
34.8	0.161927493755
34.8166666667	0.161927493755
34.8333333333	0.143935550004
34.85	0.125943606254
34.8666666667	0.197911381256
34.8833333333	0.161927493755
34.9	0.161927493755
34.9166666667	0.233895268757
34.9333333333	0.161927493755
34.95	0.125943606254
34.9666666667	0.179919437505
34.9833333333	0.179919437505
35	0.125943606254
35.0166666667	0.161927493755
35.0333333333	0.197911381256
35.05	0.179919437505
35.0666666667	0.143935550004
35.0833333333	0.161927493755
35.1	0.143935550004
35.1166666667	0.197911381256
35.1333333333	0.143935550004
35.15	0.143935550004
35.1666666667	0.161927493755
35.1833333333	0.143935550004
35.2	0.161927493755
35.2166666667	0.161927493755
35.2333333333	0.179919437505
35.25	0.179919437505
35.2666666667	0.161927493755
35.2833333333	0.143935550004
35.3	0.179919437505
35.3166666667	0.215903325006
35.3333333333	0.215903325006
35.35	0.143935550004
35.3666666667	0.197911381256
35.3833333333	0.125943606254
35.4	0.179919437505
35.4166666667	0.215903325006
35.4333333333	0.125943606254
35.45	0.215903325006
35.4666666667	0.125943606254
35.4833333333	0.215903325006
35.5	0.197911381256
35.5166666667	0.197911381256
35.5333333333	0.125943606254
35.55	0.161927493755
35.5666666667	0.161927493755
35.5833333333	0.161927493755
35.6	0.161927493755
35.6166666667	0.125943606254
35.6333333333	0.197911381256
35.65	0.215903325006
35.6666666667	0.125943606254
35.6833333333	0.179919437505
35.7	0.179919437505
35.7166666667	0.125943606254
35.7333333333	0.161927493755
35.75	0.161927493755
35.7666666667	0.179919437505
35.7833333333	0.215903325006
35.8	0.125943606254
35.8166666667	0.161927493755
35.8333333333	0.161927493755
35.85	0.224899296882
35.8666666667	0.143935550004
35.8833333333	0.125943606254
35.9	0.161927493755
35.9166666667	0.179919437505
35.9333333333	0.125943606254
35.95	0.125943606254
35.9666666667	0.161927493755
35.9833333333	0.161927493755
36	0.161927493755
36.0166666667	0.125943606254
36.0333333333	0.179919437505
36.05	0.143935550004
36.0666666667	0.179919437505
36.0833333333	0.143935550004
36.1	0.143935550004
36.1166666667	0.179919437505
36.1333333333	0.161927493755
36.15	0.143935550004
36.1666666667	0.161927493755
36.1833333333	0.179919437505
36.2	0.197911381256
36.2166666667	0.143935550004
36.2333333333	0.143935550004
36.25	0.125943606254
36.2666666667	0.143935550004
36.2833333333	0.125943606254
36.3	0.215903325006
36.3166666667	0.197911381256
36.3333333333	0.125943606254
36.35	0.179919437505
36.3666666667	0.161927493755
36.3833333333	0.233895268757
36.4	0.161927493755
36.4166666667	0.197911381256
36.4333333333	0.215903325006
36.45	0.143935550004
36.4666666667	0.161927493755
36.4833333333	0.161927493755
36.5	0.125943606254
36.5166666667	0.143935550004
36.5333333333	0.161927493755
36.55	0.125943606254
36.5666666667	0.197911381256
36.5833333333	0.161927493755
36.6	0.179919437505
36.6166666667	0.125943606254
36.6333333333	0.179919437505
36.65	0.197911381256
36.6666666667	0.143935550004
36.6833333333	0.125943606254
36.7	0.197911381256
36.7166666667	0.197911381256
36.7333333333	0.125943606254
36.75	0.125943606254
36.7666666667	0.161927493755
36.7833333333	0.179919437505
36.8	0.125943606254
36.8166666667	0.143935550004
36.8333333333	0.179919437505
36.85	0.143935550004
36.8666666667	0.161927493755
36.8833333333	0.143935550004
36.9	0.143935550004
36.9166666667	0.107951662503
36.9333333333	0.215903325006
36.95	0.143935550004
36.9666666667	0.143935550004
36.9833333333	0.143935550004
37	0.179919437505
37.0166666667	0.161927493755
37.0333333333	0.161927493755
37.05	0.179919437505
37.0666666667	0.161927493755
37.0833333333	0.125943606254
37.1	0.143935550004
37.1166666667	0.143935550004
37.1333333333	0.143935550004
37.15	0.107951662503
37.1666666667	0.125943606254
37.1833333333	0.143935550004
37.2	0.125943606254
37.2166666667	0.125943606254
37.2333333333	0.161927493755
37.25	0.125943606254
37.2666666667	0.179919437505
37.2833333333	0.179919437505
37.3	0.143935550004
37.3166666667	0.179919437505
37.3333333333	0.125943606254
37.35	0.179919437505
37.3666666667	0.197911381256
37.3833333333	0.179919437505
37.4	0.143935550004
37.4166666667	0.161927493755
37.4333333333	0.161927493755
37.45	0.143935550004
37.4666666667	0.161927493755
37.4833333333	0.125943606254
37.5	0.161927493755
37.5166666667	0.143935550004
37.5333333333	0.143935550004
37.55	0.161927493755
37.5666666667	0.143935550004
37.5833333333	0.143935550004
37.6	0.179919437505
37.6166666667	0.179919437505
37.6333333333	0.161927493755
37.65	0.197911381256
37.6666666667	0.143935550004
37.6833333333	0.161927493755
37.7	0.179919437505
37.7166666667	0.197911381256
37.7333333333	0.179919437505
37.75	0.161927493755
37.7666666667	0.125943606254
37.7833333333	0.143935550004
37.8	0.161927493755
37.8166666667	0.215903325006
37.8333333333	0.161927493755
37.85	0.161927493755
37.8666666667	0.179919437505
37.8833333333	0.161927493755
37.9	0.161927493755
37.9166666667	0.125943606254
37.9333333333	0.161927493755
37.95	0.143935550004
37.9666666667	0.215903325006
37.9833333333	0.179919437505
38	0.161927493755
38.0166666667	0.161927493755
38.0333333333	0.161927493755
38.05	0.224899296882
38.0666666667	0.125943606254
38.0833333333	0.161927493755
38.1	0.161927493755
38.1166666667	0.197911381256
38.1333333333	0.161927493755
38.15	0.197911381256
38.1666666667	0.143935550004
38.1833333333	0.143935550004
38.2	0.161927493755
38.2166666667	0.143935550004
38.2333333333	0.161927493755
38.25	0.125943606254
38.2666666667	0.143935550004
38.2833333333	0.125943606254
38.3	0.161927493755
38.3166666667	0.125943606254
38.3333333333	0.197911381256
38.35	0.179919437505
38.3666666667	0.179919437505
38.3833333333	0.161927493755
38.4	0.215903325006
38.4166666667	0.143935550004
38.4333333333	0.125943606254
38.45	0.143935550004
38.4666666667	0.143935550004
38.4833333333	0.161927493755
38.5	0.125943606254
38.5166666667	0.161927493755
38.5333333333	0.179919437505
38.55	0.161927493755
38.5666666667	0.197911381256
38.5833333333	0.179919437505
38.6	0.179919437505
38.6166666667	0.143935550004
38.6333333333	0.161927493755
38.65	0.143935550004
38.6666666667	0.143935550004
38.6833333333	0.161927493755
38.7	0.179919437505
38.7166666667	0.125943606254
38.7333333333	0.143935550004
38.75	0.197911381256
38.7666666667	0.161927493755
38.7833333333	0.179919437505
38.8	0.125943606254
38.8166666667	0.179919437505
38.8333333333	0.161927493755
38.85	0.179919437505
38.8666666667	0.125943606254
38.8833333333	0.179919437505
38.9	0.125943606254
38.9166666667	0.125943606254
38.9333333333	0.161927493755
38.95	0.233895268757
38.9666666667	0.197911381256
38.9833333333	0.161927493755
39	0.125943606254
39.0166666667	0.161927493755
39.0333333333	0.143935550004
39.05	0.125943606254
39.0666666667	0.161927493755
39.0833333333	0.161927493755
39.1	0.143935550004
39.1166666667	0.179919437505
39.1333333333	0.143935550004
39.15	0.161927493755
39.1666666667	0.197911381256
39.1833333333	0.125943606254
39.2	0.161927493755
39.2166666667	0.197911381256
39.2333333333	0.161927493755
39.25	0.107951662503
39.2666666667	0.197911381256
39.2833333333	0.161927493755
39.3	0.215903325006
39.3166666667	0.179919437505
39.3333333333	0.179919437505
39.35	0.161927493755
39.3666666667	0.179919437505
39.3833333333	0.197911381256
39.4	0.161927493755
39.4166666667	0.125943606254
39.4333333333	0.197911381256
39.45	0.143935550004
39.4666666667	0.143935550004
39.4833333333	0.161927493755
39.5	0.143935550004
39.5166666667	0.179919437505
39.5333333333	0.161927493755
39.55	0.197911381256
39.5666666667	0.179919437505
39.5833333333	0.143935550004
39.6	0.143935550004
39.6166666667	0.197911381256
39.6333333333	0.179919437505
39.65	0.125943606254
39.6666666667	0.215903325006
39.6833333333	0.161927493755
39.7	0.125943606254
39.7166666667	0.161927493755
39.7333333333	0.161927493755
39.75	0.161927493755
39.7666666667	0.143935550004
39.7833333333	0.143935550004
39.8	0.143935550004
39.8166666667	0.107951662503
39.8333333333	0.197911381256
39.85	0.161927493755
39.8666666667	0.125943606254
39.8833333333	0.179919437505
39.9	0.125943606254
39.9166666667	0.125943606254
39.9333333333	0.143935550004
39.95	0.125943606254
39.9666666667	0.161927493755
39.9833333333	0.143935550004
40	0.143935550004
40.0166666667	0.161927493755
40.0333333333	0.143935550004
40.05	0.197911381256
40.0666666667	0.161927493755
40.0833333333	0.143935550004
40.1	0.125943606254
40.1166666667	0.107951662503
40.1333333333	0.143935550004
40.15	0.143935550004
40.1666666667	0.161927493755
40.1833333333	0.143935550004
40.2	0.143935550004
40.2166666667	0.161927493755
40.2333333333	0.179919437505
40.25	0.197911381256
40.2666666667	0.179919437505
40.2833333333	0.179919437505
40.3	0.161927493755
40.3166666667	0.161927493755
40.3333333333	0.143935550004
40.35	0.161927493755
40.3666666667	0.197911381256
40.3833333333	0.161927493755
40.4	0.233895268757
40.4166666667	0.125943606254
40.4333333333	0.143935550004
40.45	0.143935550004
40.4666666667	0.125943606254
40.4833333333	0.125943606254
40.5	0.161927493755
40.5166666667	0.161927493755
40.5333333333	0.161927493755
40.55	0.179919437505
40.5666666667	0.107951662503
40.5833333333	0.161927493755
40.6	0.143935550004
40.6166666667	0.179919437505
40.6333333333	0.143935550004
40.65	0.215903325006
40.6666666667	0.179919437505
40.6833333333	0.179919437505
40.7	0.179919437505
40.7166666667	0.161927493755
40.7333333333	0.125943606254
40.75	0.125943606254
40.7666666667	0.179919437505
40.7833333333	0.179919437505
40.8	0.107951662503
40.8166666667	0.161927493755
40.8333333333	0.143935550004
40.85	0.143935550004
40.8666666667	0.161927493755
40.8833333333	0.197911381256
40.9	0.197911381256
40.9166666667	0.215903325006
40.9333333333	0.215903325006
40.95	0.179919437505
40.9666666667	0.161927493755
40.9833333333	0.143935550004
41	0.161927493755
41.0166666667	0.125943606254
41.0333333333	0.125943606254
41.05	0.197911381256
41.0666666667	0.125943606254
41.0833333333	0.107951662503
41.1	0.197911381256
41.1166666667	0.215903325006
41.1333333333	0.161927493755
41.15	0.179919437505
41.1666666667	0.215903325006
41.1833333333	0.179919437505
41.2	0.197911381256
41.2166666667	0.179919437505
41.2333333333	0.197911381256
41.25	0.197911381256
41.2666666667	0.197911381256
41.2833333333	0.125943606254
41.3	0.143935550004
41.3166666667	0.215903325006
41.3333333333	0.179919437505
41.35	0.179919437505
41.3666666667	0.179919437505
41.3833333333	0.197911381256
41.4	0.143935550004
41.4166666667	0.143935550004
41.4333333333	0.143935550004
41.45	0.143935550004
41.4666666667	0.143935550004
41.4833333333	0.161927493755
41.5	0.215903325006
41.5166666667	0.179919437505
41.5333333333	0.161927493755
41.55	0.179919437505
41.5666666667	0.215903325006
41.5833333333	0.143935550004
41.6	0.125943606254
41.6166666667	0.197911381256
41.6333333333	0.179919437505
41.65	0.161927493755
41.6666666667	0.161927493755
41.6833333333	0.161927493755
41.7	0.161927493755
41.7166666667	0.197911381256
41.7333333333	0.143935550004
41.75	0.143935550004
41.7666666667	0.179919437505
41.7833333333	0.161927493755
41.8	0.161927493755
41.8166666667	0.197911381256
41.8333333333	0.233895268757
41.85	0.197911381256
41.8666666667	0.197911381256
41.8833333333	0.143935550004
41.9	0.161927493755
41.9166666667	0.197911381256
41.9333333333	0.161927493755
41.95	0.161927493755
41.9666666667	0.197911381256
41.9833333333	0.161927493755
42	0.179919437505
42.0166666667	0.179919437505
42.0333333333	0.179919437505
42.05	0.161927493755
42.0666666667	0.197911381256
42.0833333333	0.143935550004
42.1	0.179919437505
42.1166666667	0.143935550004
