Vernier Format 2
SAS-124-55__13C90__[5-5]__LEFT__2nd LG-PYE pass after 2 LG N-M pass-10-11 min LGNM cut__3pt06 mLmin o-Xyl__2000 uL__478 nm__1 injection__QC GR8.cmbl 5/15/2023 10:37:30 .
Latest
Time	Potential
t	Pot
min	mV

0	-0.0179919437505
0.0166666666667	-0.0359838875011
0.0333333333333	-0.0359838875011
0.05	-0.0179919437505
0.0666666666667	0
0.0833333333333	-0.0179919437505
0.1	-0.0179919437505
0.116666666667	-0.0359838875011
0.133333333333	-0.0269879156258
0.15	-0.0359838875011
0.166666666667	-0.0359838875011
0.183333333333	-0.0359838875011
0.2	-0.0359838875011
0.216666666667	-0.0359838875011
0.233333333333	-0.0359838875011
0.25	-0.0359838875011
0.266666666667	-0.0359838875011
0.283333333333	-0.0359838875011
0.3	-0.0359838875011
0.316666666667	-0.0359838875011
0.333333333333	-0.0179919437505
0.35	-0.0179919437505
0.366666666667	-0.0179919437505
0.383333333333	-0.0359838875011
0.4	-0.0449798593763
0.416666666667	-0.0179919437505
0.433333333333	-0.0359838875011
0.45	0
0.466666666667	0.0179919437505
0.483333333333	0
0.5	-0.0359838875011
0.516666666667	0
0.533333333333	-0.0359838875011
0.55	-0.0179919437505
0.566666666667	-0.0359838875011
0.583333333333	-0.0359838875011
0.6	-0.0179919437505
0.616666666667	-0.0359838875011
0.633333333333	-0.0179919437505
0.65	-0.0179919437505
0.666666666667	-0.0359838875011
0.683333333333	-0.0359838875011
0.7	-0.0179919437505
0.716666666667	-0.0359838875011
0.733333333333	-0.0359838875011
0.75	-0.0359838875011
0.766666666667	-0.0359838875011
0.783333333333	-0.0179919437505
0.8	-0.0179919437505
0.816666666667	-0.0179919437505
0.833333333333	-0.0179919437505
0.85	-0.0359838875011
0.866666666667	-0.0179919437505
0.883333333333	-0.0359838875011
0.9	0
0.916666666667	-0.0359838875011
0.933333333333	0
0.95	0
0.966666666667	-0.0179919437505
0.983333333333	-0.0179919437505
1	-0.0179919437505
1.01666666667	-0.0179919437505
1.03333333333	-0.0359838875011
1.05	-0.0179919437505
1.06666666667	-0.0359838875011
1.08333333333	-0.0179919437505
1.1	-0.0359838875011
1.11666666667	-0.0359838875011
1.13333333333	-0.0179919437505
1.15	-0.0179919437505
1.16666666667	-0.0179919437505
1.18333333333	-0.0179919437505
1.2	-0.0359838875011
1.21666666667	-0.0359838875011
1.23333333333	-0.0359838875011
1.25	0
1.26666666667	0.0179919437505
1.28333333333	-0.0359838875011
1.3	-0.0269879156258
1.31666666667	-0.0359838875011
1.33333333333	-0.0359838875011
1.35	-0.0359838875011
1.36666666667	-0.0179919437505
1.38333333333	-0.0359838875011
1.4	-0.0359838875011
1.41666666667	-0.0359838875011
1.43333333333	-0.0179919437505
1.45	-0.0179919437505
1.46666666667	-0.0359838875011
1.48333333333	-0.0359838875011
1.5	-0.0359838875011
1.51666666667	-0.0359838875011
1.53333333333	-0.0359838875011
1.55	-0.0179919437505
1.56666666667	-0.0359838875011
1.58333333333	-0.0359838875011
1.6	-0.0359838875011
1.61666666667	-0.0179919437505
1.63333333333	-0.0359838875011
1.65	-0.0359838875011
1.66666666667	-0.0179919437505
1.68333333333	-0.0359838875011
1.7	-0.0359838875011
1.71666666667	0.0179919437505
1.73333333333	-0.0359838875011
1.75	-0.0359838875011
1.76666666667	-0.0179919437505
1.78333333333	-0.0179919437505
1.8	-0.0359838875011
1.81666666667	-0.0179919437505
1.83333333333	-0.0359838875011
1.85	-0.0359838875011
1.86666666667	-0.0179919437505
1.88333333333	-0.0179919437505
1.9	0
1.91666666667	-0.0359838875011
1.93333333333	-0.0359838875011
1.95	-0.0179919437505
1.96666666667	-0.0359838875011
1.98333333333	-0.0179919437505
2	-0.0179919437505
2.01666666667	-0.0359838875011
2.03333333333	0
2.05	0
2.06666666667	-0.0179919437505
2.08333333333	-0.0179919437505
2.1	-0.0269879156258
2.11666666667	-0.0359838875011
2.13333333333	-0.0179919437505
2.15	-0.0179919437505
2.16666666667	-0.0179919437505
2.18333333333	-0.0179919437505
2.2	-0.0179919437505
2.21666666667	-0.0359838875011
2.23333333333	-0.0359838875011
2.25	-0.0359838875011
2.26666666667	-0.0359838875011
2.28333333333	-0.0359838875011
2.3	-0.0359838875011
2.31666666667	-0.0359838875011
2.33333333333	-0.0359838875011
2.35	-0.0359838875011
2.36666666667	-0.0359838875011
2.38333333333	-0.0179919437505
2.4	-0.0179919437505
2.41666666667	0
2.43333333333	-0.0359838875011
2.45	-0.0359838875011
2.46666666667	-0.0359838875011
2.48333333333	-0.0359838875011
2.5	-0.0359838875011
2.51666666667	-0.0359838875011
2.53333333333	-0.0359838875011
2.55	-0.0359838875011
2.56666666667	-0.0359838875011
2.58333333333	-0.0359838875011
2.6	-0.0179919437505
2.61666666667	-0.0179919437505
2.63333333333	-0.0359838875011
2.65	0
2.66666666667	0
2.68333333333	-0.0179919437505
2.7	0
2.71666666667	-0.0179919437505
2.73333333333	-0.0179919437505
2.75	-0.0359838875011
2.76666666667	-0.0359838875011
2.78333333333	0.0179919437505
2.8	-0.0359838875011
2.81666666667	-0.0359838875011
2.83333333333	-0.0359838875011
2.85	-0.0179919437505
2.86666666667	-0.0179919437505
2.88333333333	-0.0359838875011
2.9	-0.0179919437505
2.91666666667	-0.0359838875011
2.93333333333	-0.0179919437505
2.95	-0.0359838875011
2.96666666667	-0.0179919437505
2.98333333333	-0.0359838875011
3	-0.0179919437505
3.01666666667	-0.0179919437505
3.03333333333	-0.0179919437505
3.05	-0.0359838875011
3.06666666667	-0.0359838875011
3.08333333333	-0.0359838875011
3.1	0
3.11666666667	-0.0179919437505
3.13333333333	0
3.15	-0.0179919437505
3.16666666667	-0.0359838875011
3.18333333333	-0.0179919437505
3.2	-0.0359838875011
3.21666666667	-0.0179919437505
3.23333333333	0
3.25	-0.0359838875011
3.26666666667	-0.0359838875011
3.28333333333	-0.0359838875011
3.3	-0.0359838875011
3.31666666667	-0.0359838875011
3.33333333333	0
3.35	-0.0359838875011
3.36666666667	-0.0359838875011
3.38333333333	-0.0359838875011
3.4	-0.0359838875011
3.41666666667	-0.0359838875011
3.43333333333	0
3.45	-0.0359838875011
3.46666666667	-0.0359838875011
3.48333333333	-0.0359838875011
3.5	-0.0179919437505
3.51666666667	-0.0359838875011
3.53333333333	-0.0359838875011
3.55	0
3.56666666667	-0.0179919437505
3.58333333333	-0.0179919437505
3.6	-0.0359838875011
3.61666666667	-0.0359838875011
3.63333333333	-0.0179919437505
3.65	-0.0359838875011
3.66666666667	-0.0359838875011
3.68333333333	-0.0359838875011
3.7	-0.0359838875011
3.71666666667	-0.0179919437505
3.73333333333	-0.0179919437505
3.75	-0.0359838875011
3.76666666667	-0.0179919437505
3.78333333333	-0.0359838875011
3.8	-0.0359838875011
3.81666666667	-0.0359838875011
3.83333333333	-0.0359838875011
3.85	0
3.86666666667	-0.0359838875011
3.88333333333	-0.0179919437505
3.9	-0.0359838875011
3.91666666667	0
3.93333333333	-0.0179919437505
3.95	-0.0359838875011
3.96666666667	-0.0359838875011
3.98333333333	-0.0359838875011
4	-0.0359838875011
4.01666666667	-0.0179919437505
4.03333333333	0
4.05	-0.0359838875011
4.06666666667	-0.0359838875011
4.08333333333	-0.0179919437505
4.1	-0.0179919437505
4.11666666667	-0.0359838875011
4.13333333333	-0.0359838875011
4.15	-0.0359838875011
4.16666666667	-0.0359838875011
4.18333333333	-0.0359838875011
4.2	-0.0179919437505
4.21666666667	-0.0359838875011
4.23333333333	-0.0179919437505
4.25	-0.0179919437505
4.26666666667	-0.0179919437505
4.28333333333	-0.0359838875011
4.3	-0.0179919437505
4.31666666667	-0.0179919437505
4.33333333333	0
4.35	0
4.36666666667	-0.0179919437505
4.38333333333	-0.0359838875011
4.4	-0.0359838875011
4.41666666667	0.0179919437505
4.43333333333	-0.0179919437505
4.45	-0.0359838875011
4.46666666667	-0.0359838875011
4.48333333333	0
4.5	-0.0359838875011
4.51666666667	-0.0179919437505
4.53333333333	-0.0359838875011
4.55	-0.0179919437505
4.56666666667	0
4.58333333333	-0.0359838875011
4.6	-0.0359838875011
4.61666666667	0
4.63333333333	-0.0359838875011
4.65	-0.0179919437505
4.66666666667	-0.0359838875011
4.68333333333	-0.0359838875011
4.7	-0.0359838875011
4.71666666667	-0.0179919437505
4.73333333333	-0.0179919437505
4.75	-0.0359838875011
4.76666666667	-0.0179919437505
4.78333333333	-0.0359838875011
4.8	-0.0359838875011
4.81666666667	-0.0179919437505
4.83333333333	-0.0359838875011
4.85	-0.0359838875011
4.86666666667	-0.0359838875011
4.88333333333	-0.0179919437505
4.9	0.0179919437505
4.91666666667	-0.0179919437505
4.93333333333	-0.0359838875011
4.95	0
4.96666666667	-0.0359838875011
4.98333333333	-0.0179919437505
5	-0.0359838875011
5.01666666667	-0.0359838875011
5.03333333333	-0.0359838875011
5.05	-0.0359838875011
5.06666666667	-0.0179919437505
5.08333333333	-0.0359838875011
5.1	-0.0359838875011
5.11666666667	-0.0269879156258
5.13333333333	-0.0179919437505
5.15	-0.0359838875011
5.16666666667	-0.0179919437505
5.18333333333	-0.0359838875011
5.2	-0.0179919437505
5.21666666667	-0.0179919437505
5.23333333333	-0.0179919437505
5.25	-0.0359838875011
5.26666666667	-0.0359838875011
5.28333333333	-0.0359838875011
5.3	-0.0359838875011
5.31666666667	-0.0179919437505
5.33333333333	-0.0179919437505
5.35	-0.0359838875011
5.36666666667	-0.0179919437505
5.38333333333	-0.0359838875011
5.4	-0.0359838875011
5.41666666667	-0.0359838875011
5.43333333333	0
5.45	-0.0359838875011
5.46666666667	-0.0179919437505
5.48333333333	0
5.5	-0.0359838875011
5.51666666667	-0.0179919437505
5.53333333333	-0.0179919437505
5.55	-0.0359838875011
5.56666666667	-0.0179919437505
5.58333333333	-0.0179919437505
5.6	-0.0179919437505
5.61666666667	-0.0359838875011
5.63333333333	-0.0179919437505
5.65	-0.0359838875011
5.66666666667	-0.0359838875011
5.68333333333	0
5.7	-0.0359838875011
5.71666666667	-0.0179919437505
5.73333333333	-0.0359838875011
5.75	-0.0359838875011
5.76666666667	-0.0179919437505
5.78333333333	-0.0179919437505
5.8	-0.0179919437505
5.81666666667	-0.0359838875011
5.83333333333	-0.0359838875011
5.85	-0.0359838875011
5.86666666667	-0.0179919437505
5.88333333333	-0.0359838875011
5.9	-0.0179919437505
5.91666666667	-0.0179919437505
5.93333333333	-0.0179919437505
5.95	-0.0359838875011
5.96666666667	-0.0179919437505
5.98333333333	-0.0179919437505
6	-0.0359838875011
6.01666666667	-0.0359838875011
6.03333333333	-0.0359838875011
6.05	-0.0359838875011
6.06666666667	-0.0359838875011
6.08333333333	-0.0359838875011
6.1	-0.0359838875011
6.11666666667	-0.0179919437505
6.13333333333	-0.0359838875011
6.15	-0.0359838875011
6.16666666667	-0.0359838875011
6.18333333333	-0.0359838875011
6.2	-0.0179919437505
6.21666666667	-0.0359838875011
6.23333333333	-0.0359838875011
6.25	-0.0359838875011
6.26666666667	0
6.28333333333	-0.0179919437505
6.3	-0.0359838875011
6.31666666667	-0.0179919437505
6.33333333333	-0.0359838875011
6.35	-0.0359838875011
6.36666666667	-0.0359838875011
6.38333333333	-0.0359838875011
6.4	-0.0359838875011
6.41666666667	-0.0359838875011
6.43333333333	-0.0179919437505
6.45	-0.0359838875011
6.46666666667	-0.0179919437505
6.48333333333	-0.0359838875011
6.5	-0.0359838875011
6.51666666667	-0.0359838875011
6.53333333333	-0.0359838875011
6.55	-0.0359838875011
6.56666666667	-0.0179919437505
6.58333333333	-0.0359838875011
6.6	-0.0359838875011
6.61666666667	0.0179919437505
6.63333333333	-0.0179919437505
6.65	-0.0359838875011
6.66666666667	-0.0179919437505
6.68333333333	-0.0359838875011
6.7	-0.0179919437505
6.71666666667	-0.0359838875011
6.73333333333	-0.0179919437505
6.75	-0.0359838875011
6.76666666667	-0.0359838875011
6.78333333333	-0.0359838875011
6.8	-0.0359838875011
6.81666666667	-0.0359838875011
6.83333333333	0
6.85	-0.0359838875011
6.86666666667	-0.0359838875011
6.88333333333	-0.0179919437505
6.9	-0.0179919437505
6.91666666667	-0.0179919437505
6.93333333333	-0.0359838875011
6.95	-0.0359838875011
6.96666666667	-0.0179919437505
6.98333333333	-0.0179919437505
7	-0.0359838875011
7.01666666667	-0.0359838875011
7.03333333333	-0.0359838875011
7.05	0
7.06666666667	-0.0359838875011
7.08333333333	-0.0359838875011
7.1	-0.0359838875011
7.11666666667	-0.0359838875011
7.13333333333	-0.0359838875011
7.15	-0.0359838875011
7.16666666667	-0.0179919437505
7.18333333333	-0.0359838875011
7.2	-0.0359838875011
7.21666666667	0
7.23333333333	-0.0179919437505
7.25	-0.0179919437505
7.26666666667	-0.0359838875011
7.28333333333	0
7.3	-0.0179919437505
7.31666666667	0
7.33333333333	0.0179919437505
7.35	0.0359838875011
7.36666666667	0.0359838875011
7.38333333333	0.0539758312516
7.4	0.107951662503
7.41666666667	0.0719677750021
7.43333333333	0.0899597187527
7.45	0.0899597187527
7.46666666667	0.0539758312516
7.48333333333	0.107951662503
7.5	0.107951662503
7.51666666667	0.0539758312516
7.53333333333	0.0179919437505
7.55	0
7.56666666667	0
7.58333333333	0.0359838875011
7.6	0
7.61666666667	0.0359838875011
7.63333333333	0.0179919437505
7.65	0.0359838875011
7.66666666667	0
7.68333333333	0.0359838875011
7.7	0.0539758312516
7.71666666667	0.0719677750021
7.73333333333	0.0179919437505
7.75	0.0359838875011
7.76666666667	0.0719677750021
7.78333333333	0.0539758312516
7.8	0.0539758312516
7.81666666667	0.107951662503
7.83333333333	0.0179919437505
7.85	0.0179919437505
7.86666666667	0.0359838875011
7.88333333333	0.0179919437505
7.9	0
7.91666666667	0.0539758312516
7.93333333333	0.0179919437505
7.95	0.0179919437505
7.96666666667	0.0539758312516
7.98333333333	0.0539758312516
8	0.0899597187527
8.01666666667	0.0539758312516
8.03333333333	0.0719677750021
8.05	0.107951662503
8.06666666667	0.116947634378
8.08333333333	0.107951662503
8.1	0.0359838875011
8.11666666667	0.0179919437505
8.13333333333	0.0179919437505
8.15	0.0539758312516
8.16666666667	0.0719677750021
8.18333333333	0
8.2	0.0899597187527
8.21666666667	0.0179919437505
8.23333333333	0.0719677750021
8.25	0.107951662503
8.26666666667	-0.0179919437505
8.28333333333	0.0539758312516
8.3	0.0539758312516
8.31666666667	0.0359838875011
8.33333333333	-0.0179919437505
8.35	0.0359838875011
8.36666666667	0.0899597187527
8.38333333333	0
8.4	-0.0179919437505
8.41666666667	0.0179919437505
8.43333333333	0.0719677750021
8.45	0
8.46666666667	0
8.48333333333	-0.0359838875011
8.5	0
8.51666666667	-0.0179919437505
8.53333333333	-0.0179919437505
8.55	-0.0359838875011
8.56666666667	-0.0359838875011
8.58333333333	-0.0179919437505
8.6	0.0179919437505
8.61666666667	-0.0359838875011
8.63333333333	0
8.65	-0.0359838875011
8.66666666667	-0.0179919437505
8.68333333333	0.0359838875011
8.7	-0.0179919437505
8.71666666667	-0.0359838875011
8.73333333333	-0.0179919437505
8.75	0.0179919437505
8.76666666667	0.0899597187527
8.78333333333	-0.0179919437505
8.8	-0.0179919437505
8.81666666667	0
8.83333333333	0.0179919437505
8.85	-0.0179919437505
8.86666666667	-0.0359838875011
8.88333333333	-0.0179919437505
8.9	0.0179919437505
8.91666666667	-0.0179919437505
8.93333333333	0
8.95	-0.0359838875011
8.96666666667	0
8.98333333333	-0.0179919437505
9	-0.0359838875011
9.01666666667	-0.0359838875011
9.03333333333	-0.0179919437505
9.05	-0.0359838875011
9.06666666667	-0.0179919437505
9.08333333333	0
9.1	0.0359838875011
9.11666666667	-0.0359838875011
9.13333333333	-0.0359838875011
9.15	-0.0179919437505
9.16666666667	0.0899597187527
9.18333333333	-0.0179919437505
9.2	-0.0179919437505
9.21666666667	0
9.23333333333	-0.0179919437505
9.25	0.0179919437505
9.26666666667	0.0539758312516
9.28333333333	0.0179919437505
9.3	0.0719677750021
9.31666666667	-0.0179919437505
9.33333333333	-0.0179919437505
9.35	0
9.36666666667	0.0539758312516
9.38333333333	0.0179919437505
9.4	0.0539758312516
9.41666666667	0.0359838875011
9.43333333333	0.0539758312516
9.45	0.0719677750021
9.46666666667	-0.0359838875011
9.48333333333	-0.0179919437505
9.5	0.0359838875011
9.51666666667	-0.0179919437505
9.53333333333	-0.0359838875011
9.55	0
9.56666666667	-0.0359838875011
9.58333333333	0
9.6	-0.0359838875011
9.61666666667	-0.0179919437505
9.63333333333	0.0719677750021
9.65	0.0359838875011
9.66666666667	-0.0179919437505
9.68333333333	-0.0179919437505
9.7	0
9.71666666667	0.0179919437505
9.73333333333	-0.0179919437505
9.75	0.0359838875011
9.76666666667	0.0179919437505
9.78333333333	0.0359838875011
9.8	-0.0179919437505
9.81666666667	0.0539758312516
9.83333333333	0.0539758312516
9.85	0.0539758312516
9.86666666667	0
9.88333333333	0.0539758312516
9.9	0.0539758312516
9.91666666667	0.0899597187527
9.93333333333	0
9.95	0.0179919437505
9.96666666667	0.0719677750021
9.98333333333	0.0179919437505
10	0.0179919437505
10.0166666667	0.0179919437505
10.0333333333	0.0179919437505
10.05	0.0179919437505
10.0666666667	-0.0179919437505
10.0833333333	-0.0179919437505
10.1	0.0539758312516
10.1166666667	0
10.1333333333	0
10.15	0
10.1666666667	0.0359838875011
10.1833333333	0.0179919437505
10.2	-0.0179919437505
10.2166666667	0.0359838875011
10.2333333333	0.0359838875011
10.25	0.0539758312516
10.2666666667	0.0539758312516
10.2833333333	0
10.3	0.0539758312516
10.3166666667	0.0179919437505
10.3333333333	0.0359838875011
10.35	0.0539758312516
10.3666666667	0.0899597187527
10.3833333333	0.0539758312516
10.4	0.0719677750021
10.4166666667	0.0899597187527
10.4333333333	0.0539758312516
10.45	0.0539758312516
10.4666666667	0.0719677750021
10.4833333333	0.0359838875011
10.5	0
10.5166666667	0.0539758312516
10.5333333333	0.0359838875011
10.55	0.0539758312516
10.5666666667	0.0719677750021
10.5833333333	0.0359838875011
10.6	0.0359838875011
10.6166666667	0
10.6333333333	0.0359838875011
10.65	0.0899597187527
10.6666666667	0.0359838875011
10.6833333333	0.0539758312516
10.7	0.0719677750021
10.7166666667	0.116947634378
10.7333333333	0.116947634378
10.75	0.116947634378
10.7666666667	0.134939578129
10.7833333333	0.116947634378
10.8	0.116947634378
10.8166666667	0.116947634378
10.8333333333	0.116947634378
10.85	0.116947634378
10.8666666667	0.116947634378
10.8833333333	0.134939578129
10.9	0.116947634378
10.9166666667	0.134939578129
10.9333333333	0.134939578129
10.95	0.116947634378
10.9666666667	0.15293152188
10.9833333333	0.15293152188
11	0.116947634378
11.0166666667	0.15293152188
11.0333333333	0.188915409381
11.05	0.206907353131
11.0666666667	0.242891240632
11.0833333333	0.242891240632
11.1	0.188915409381
11.1166666667	0.188915409381
11.1333333333	0.269879156258
11.15	0.206907353131
11.1666666667	0.188915409381
11.1833333333	0.15293152188
11.2	0.206907353131
11.2166666667	0.224899296882
11.2333333333	0.224899296882
11.25	0.287871100008
11.2666666667	0.224899296882
11.2833333333	0.32385498751
11.3	0.269879156258
11.3166666667	0.368834846886
11.3333333333	0.32385498751
11.35	0.431806650013
11.3666666667	0.566746228142
11.3833333333	0.719677750021
11.4	0.917589131277
11.4166666667	1.24144411879
11.4333333333	1.53831119067
11.45	2.05108158756
11.4666666667	2.69879156258
11.4833333333	3.4184693126
11.5	4.37204233138
11.5166666667	5.48754284391
11.5333333333	6.71099501895
11.55	8.21332232212
11.5666666667	9.81460531591
11.5833333333	11.5508278878
11.6	13.4309860098
11.6166666667	15.3741159348
11.6333333333	17.3622257193
11.65	19.2873637006
11.6666666667	21.1405339069
11.6833333333	22.9487242538
11.7	24.5500072476
11.7166666667	26.0523345508
11.7333333333	27.4467101914
11.75	28.5981945915
11.7666666667	29.5967474696
11.7833333333	30.433372854
11.8	31.1170667165
11.8166666667	31.6028491978
11.8333333333	32.0076679322
11.85	32.2865430603
11.8666666667	32.457466526
11.8833333333	32.5564222166
11.9	32.5204383291
11.9166666667	32.457466526
11.9333333333	32.2505591728
11.95	32.0436518197
11.9666666667	31.8187525228
11.9833333333	31.4679096197
12	31.0450989415
12.0166666667	30.649276179
12.0333333333	30.1994775853
12.05	29.6597192727
12.0666666667	29.1199609602
12.0833333333	28.5712066758
12.1	27.986468504
12.1166666667	27.3207665852
12.1333333333	26.6640606383
12.15	25.9983587195
12.1666666667	25.3326568007
12.1833333333	24.5859911351
12.2	23.8843053288
12.2166666667	23.1376396632
12.2333333333	22.3819780257
12.25	21.63531236
12.2666666667	20.8166789194
12.2833333333	20.0880051975
12.3	19.3233475881
12.3166666667	18.5676859505
12.3333333333	17.8749961162
12.35	17.1283304505
12.3666666667	16.3906607567
12.3833333333	15.6439950911
12.4	14.9692972004
12.4166666667	14.3125912535
12.4333333333	13.6109054473
12.45	12.9991793598
12.4666666667	12.333477441
12.4833333333	11.7307473253
12.5	11.1280172097
12.5166666667	10.5612709816
12.5333333333	9.99452475342
12.55	9.48175435653
12.5666666667	8.93300007214
12.5833333333	8.41123370337
12.6	7.94344316586
12.6166666667	7.47565262835
12.6333333333	7.07982986583
12.65	6.59404738457
12.6666666667	6.16224073456
12.6833333333	5.84738171892
12.7	5.43356701266
12.7166666667	5.10071605328
12.7333333333	4.74087717826
12.75	4.39003427513
12.7666666667	4.13814706262
12.7833333333	3.78730415949
12.8	3.56240486261
12.8166666667	3.37348945322
12.8333333333	3.11260626884
12.85	2.85172308446
12.8666666667	2.66280767508
12.8833333333	2.4379083782
12.9	2.28497685632
12.9166666667	2.12304936256
12.9333333333	1.98810978443
12.95	1.83517826255
12.9666666667	1.6732507688
12.9833333333	1.57429507817
13	1.46634341567
13.0166666667	1.42136355629
13.0333333333	1.28642397816
13.05	1.16947634378
13.0666666667	1.12449648441
13.0833333333	1.05252870941
13.1	0.971564962529
13.1166666667	0.935581075028
13.1333333333	0.863613300025
13.15	0.755661637522
13.1666666667	0.8366253844
13.1833333333	0.737669693772
13.2	0.620722059393
13.2166666667	0.674697890645
13.2333333333	0.638714003144
13.25	0.566746228142
13.2666666667	0.467790537514
13.2833333333	0.467790537514
13.3	0.485782481264
13.3166666667	0.521766368765
13.3333333333	0.413814706262
13.35	0.413814706262
13.3666666667	0.431806650013
13.3833333333	0.386826790636
13.4	0.305863043759
13.4166666667	0.34184693126
13.4333333333	0.32385498751
13.45	0.34184693126
13.4666666667	0.350842903135
13.4833333333	0.287871100008
13.5	0.287871100008
13.5166666667	0.32385498751
13.5333333333	0.269879156258
13.55	0.269879156258
13.5666666667	0.269879156258
13.5833333333	0.269879156258
13.6	0.269879156258
13.6166666667	0.287871100008
13.6333333333	0.269879156258
13.65	0.269879156258
13.6666666667	0.242891240632
13.6833333333	0.188915409381
13.7	0.188915409381
13.7166666667	0.17092346563
13.7333333333	0.224899296882
13.75	0.17092346563
13.7666666667	0.188915409381
13.7833333333	0.206907353131
13.8	0.224899296882
13.8166666667	0.17092346563
13.8333333333	0.242891240632
13.85	0.17092346563
13.8666666667	0.116947634378
13.8833333333	0.116947634378
13.9	0.116947634378
13.9166666667	0.116947634378
13.9333333333	0.116947634378
13.95	0.116947634378
13.9666666667	0.134939578129
13.9833333333	0.17092346563
14	0.116947634378
14.0166666667	0.116947634378
14.0333333333	0.116947634378
14.05	0.15293152188
14.0666666667	0.116947634378
14.0833333333	0.116947634378
14.1	0.116947634378
14.1166666667	0.116947634378
14.1333333333	0.116947634378
14.15	0.116947634378
14.1666666667	0.116947634378
14.1833333333	0.116947634378
14.2	0.107951662503
14.2166666667	0.107951662503
14.2333333333	0.116947634378
14.25	0.107951662503
14.2666666667	0.0719677750021
14.2833333333	0.0539758312516
14.3	0.116947634378
14.3166666667	0.0539758312516
14.3333333333	0.0539758312516
14.35	0.0539758312516
14.3666666667	0.0719677750021
14.3833333333	0.0179919437505
14.4	0.0179919437505
14.4166666667	0.0179919437505
14.4333333333	0.0719677750021
14.45	0.0359838875011
14.4666666667	0.0359838875011
14.4833333333	0.0179919437505
14.5	0.0719677750021
14.5166666667	0.107951662503
14.5333333333	0.0179919437505
14.55	0.107951662503
14.5666666667	0.0719677750021
14.5833333333	0.0899597187527
14.6	0
14.6166666667	-0.0179919437505
14.6333333333	0.0539758312516
14.65	0
14.6666666667	0.0359838875011
14.6833333333	0.0539758312516
14.7	0.0359838875011
14.7166666667	0.0539758312516
14.7333333333	0.0539758312516
14.75	0.0179919437505
14.7666666667	0.0539758312516
14.7833333333	0.0359838875011
14.8	0.0539758312516
14.8166666667	0.0359838875011
14.8333333333	0.0539758312516
14.85	0.0179919437505
14.8666666667	0.0359838875011
14.8833333333	0.0359838875011
14.9	0.0359838875011
14.9166666667	0
14.9333333333	0.0899597187527
14.95	0.0179919437505
14.9666666667	0.0359838875011
14.9833333333	0.0179919437505
15	0.0539758312516
15.0166666667	0.0179919437505
15.0333333333	0
15.05	0.0539758312516
15.0666666667	-0.0179919437505
15.0833333333	0.0359838875011
15.1	0
15.1166666667	0
15.1333333333	0.0359838875011
15.15	0.0539758312516
15.1666666667	0
15.1833333333	0.0719677750021
15.2	0.0359838875011
15.2166666667	0.0179919437505
15.2333333333	0.0719677750021
15.25	0.0719677750021
15.2666666667	0
15.2833333333	0.0539758312516
15.3	0.0359838875011
15.3166666667	0
15.3333333333	0.0899597187527
15.35	0.0359838875011
15.3666666667	0.0179919437505
15.3833333333	0
15.4	0.0179919437505
15.4166666667	0.0179919437505
15.4333333333	0.0899597187527
15.45	0.0359838875011
15.4666666667	0.0539758312516
15.4833333333	0.0359838875011
15.5	0.0719677750021
15.5166666667	-0.0179919437505
15.5333333333	0
15.55	0.0359838875011
15.5666666667	0.0539758312516
15.5833333333	0.0179919437505
15.6	-0.0179919437505
15.6166666667	0
15.6333333333	0.0179919437505
15.65	0.0539758312516
15.6666666667	0.0539758312516
15.6833333333	0.0539758312516
15.7	0.0359838875011
15.7166666667	0.0359838875011
15.7333333333	0.0719677750021
15.75	0
15.7666666667	-0.0179919437505
15.7833333333	0.0719677750021
15.8	0.0359838875011
15.8166666667	0.0359838875011
15.8333333333	0.0359838875011
15.85	0.0539758312516
15.8666666667	0.0899597187527
15.8833333333	0.0179919437505
15.9	0.0899597187527
15.9166666667	0.0539758312516
15.9333333333	0
15.95	0.0539758312516
15.9666666667	0.0359838875011
15.9833333333	0.0179919437505
16	0.0179919437505
16.0166666667	0
16.0333333333	0.0359838875011
16.05	0.0359838875011
16.0666666667	0.0719677750021
16.0833333333	0.0359838875011
16.1	0.0179919437505
16.1166666667	0.0179919437505
16.1333333333	0.0539758312516
16.15	0.0359838875011
16.1666666667	0.0359838875011
16.1833333333	0.0179919437505
16.2	0.0719677750021
16.2166666667	0.0359838875011
16.2333333333	0.0359838875011
16.25	0
16.2666666667	0.0719677750021
16.2833333333	0.0359838875011
16.3	0
16.3166666667	0.0179919437505
16.3333333333	0.0179919437505
16.35	0.0899597187527
16.3666666667	0.0359838875011
16.3833333333	0
16.4	0.0179919437505
16.4166666667	0.0179919437505
16.4333333333	0.0539758312516
16.45	0.0359838875011
16.4666666667	0.0539758312516
16.4833333333	0.0359838875011
16.5	0.0719677750021
16.5166666667	0
16.5333333333	0.0539758312516
16.55	0.0359838875011
16.5666666667	0.0179919437505
16.5833333333	0
16.6	0
16.6166666667	0
16.6333333333	0.0179919437505
16.65	0.0359838875011
16.6666666667	0.0179919437505
16.6833333333	-0.0179919437505
16.7	0.0359838875011
16.7166666667	0.0179919437505
16.7333333333	0.0539758312516
16.75	0.116947634378
16.7666666667	0.0899597187527
16.7833333333	0.0179919437505
16.8	0.0359838875011
16.8166666667	0.0539758312516
16.8333333333	0.0719677750021
16.85	0.0179919437505
16.8666666667	0.0719677750021
16.8833333333	0.0539758312516
16.9	0.0719677750021
16.9166666667	0.0539758312516
16.9333333333	0
16.95	0.0539758312516
16.9666666667	0.0539758312516
16.9833333333	0.0179919437505
17	0.0179919437505
17.0166666667	0.0179919437505
17.0333333333	0.0359838875011
17.05	0.0539758312516
17.0666666667	0.0539758312516
17.0833333333	0.0179919437505
17.1	0.0899597187527
17.1166666667	0.0359838875011
17.1333333333	0.0179919437505
17.15	0.0539758312516
17.1666666667	0.0359838875011
17.1833333333	0.0539758312516
17.2	0.0539758312516
17.2166666667	0.0359838875011
17.2333333333	0.0179919437505
17.25	0
17.2666666667	-0.0179919437505
17.2833333333	0.0899597187527
17.3	0.0899597187527
17.3166666667	0.0719677750021
17.3333333333	0.0359838875011
17.35	0.0179919437505
17.3666666667	0.0899597187527
17.3833333333	0.107951662503
17.4	0
17.4166666667	0.0179919437505
17.4333333333	0
17.45	0.0179919437505
17.4666666667	0
17.4833333333	0.0359838875011
17.5	0.0179919437505
17.5166666667	0.0539758312516
17.5333333333	0.0359838875011
17.55	0.0359838875011
17.5666666667	0.0899597187527
17.5833333333	0.0539758312516
17.6	0.0539758312516
17.6166666667	0.0719677750021
17.6333333333	0.17092346563
17.65	0.116947634378
17.6666666667	0.0539758312516
17.6833333333	0.0899597187527
17.7	0.0899597187527
17.7166666667	0.0539758312516
17.7333333333	0.0359838875011
17.75	0.107951662503
17.7666666667	0.116947634378
17.7833333333	0.116947634378
17.8	0.116947634378
17.8166666667	0.116947634378
17.8333333333	0.116947634378
17.85	0.116947634378
17.8666666667	0.116947634378
17.8833333333	0.134939578129
17.9	0.116947634378
17.9166666667	0.107951662503
17.9333333333	0.0719677750021
17.95	0.0719677750021
17.9666666667	0.116947634378
17.9833333333	0.107951662503
18	0.107951662503
18.0166666667	0.0899597187527
18.0333333333	0.116947634378
18.05	0.107951662503
18.0666666667	0.134939578129
18.0833333333	0.116947634378
18.1	0.116947634378
18.1166666667	0.116947634378
18.1333333333	0.0899597187527
18.15	0.116947634378
18.1666666667	0.116947634378
18.1833333333	0.116947634378
18.2	0.0719677750021
18.2166666667	0.116947634378
18.2333333333	0.116947634378
18.25	0.116947634378
18.2666666667	0.107951662503
18.2833333333	0.107951662503
18.3	0.116947634378
18.3166666667	0.0899597187527
18.3333333333	0.116947634378
18.35	0.0899597187527
18.3666666667	0.116947634378
18.3833333333	0.0899597187527
18.4	0.107951662503
18.4166666667	0.0719677750021
18.4333333333	0.107951662503
18.45	0.107951662503
18.4666666667	0.116947634378
18.4833333333	0.0719677750021
18.5	0.15293152188
18.5166666667	0.0899597187527
18.5333333333	0.0899597187527
18.55	0.134939578129
18.5666666667	0.116947634378
18.5833333333	0.134939578129
18.6	0.107951662503
18.6166666667	0.0899597187527
18.6333333333	0.0719677750021
18.65	0.0899597187527
18.6666666667	0.0179919437505
18.6833333333	0.0359838875011
18.7	0.116947634378
18.7166666667	0.0899597187527
18.7333333333	0.0179919437505
18.75	0.0719677750021
18.7666666667	0.107951662503
18.7833333333	0.0899597187527
18.8	0.134939578129
18.8166666667	0.0719677750021
18.8333333333	0.107951662503
18.85	0.107951662503
18.8666666667	0.0719677750021
18.8833333333	0.107951662503
18.9	0.134939578129
18.9166666667	0.116947634378
18.9333333333	0.0359838875011
18.95	0.116947634378
18.9666666667	0.107951662503
18.9833333333	0.116947634378
19	0.0359838875011
19.0166666667	0.0719677750021
19.0333333333	0.116947634378
19.05	0.134939578129
19.0666666667	0.107951662503
19.0833333333	0.107951662503
19.1	0.116947634378
19.1166666667	0.116947634378
19.1333333333	0.116947634378
19.15	0.116947634378
19.1666666667	0.116947634378
19.1833333333	0.116947634378
19.2	0.116947634378
19.2166666667	0.116947634378
19.2333333333	0.116947634378
19.25	0.107951662503
19.2666666667	0.116947634378
19.2833333333	0.116947634378
19.3	0.107951662503
19.3166666667	0.107951662503
19.3333333333	0.0539758312516
19.35	0.107951662503
19.3666666667	0.107951662503
19.3833333333	0.0899597187527
19.4	0.0719677750021
19.4166666667	0.0899597187527
19.4333333333	0.107951662503
19.45	0.116947634378
19.4666666667	0.107951662503
19.4833333333	0.116947634378
19.5	0.116947634378
19.5166666667	0.0899597187527
19.5333333333	0.0539758312516
19.55	0.134939578129
19.5666666667	0.0899597187527
19.5833333333	0.116947634378
19.6	0.107951662503
19.6166666667	0.0899597187527
19.6333333333	0.116947634378
19.65	0.107951662503
19.6666666667	0.116947634378
19.6833333333	0.107951662503
19.7	0.107951662503
19.7166666667	0.0539758312516
19.7333333333	0.0899597187527
19.75	0.0719677750021
19.7666666667	0.116947634378
19.7833333333	0.107951662503
19.8	0.0899597187527
19.8166666667	0.116947634378
19.8333333333	0.107951662503
19.85	0.0899597187527
19.8666666667	0.107951662503
19.8833333333	0.116947634378
19.9	0.116947634378
19.9166666667	0.0719677750021
19.9333333333	0.0899597187527
19.95	0.107951662503
19.9666666667	0.116947634378
19.9833333333	0.107951662503
20	0.0359838875011
20.0166666667	0.116947634378
20.0333333333	0.116947634378
20.05	0.107951662503
20.0666666667	0.0719677750021
20.0833333333	0.116947634378
20.1	0.116947634378
20.1166666667	0.107951662503
20.1333333333	0.0899597187527
20.15	0.0719677750021
20.1666666667	0.107951662503
20.1833333333	0.0899597187527
20.2	0.0539758312516
20.2166666667	0.0539758312516
20.2333333333	0.116947634378
20.25	0.116947634378
20.2666666667	0.107951662503
20.2833333333	0.107951662503
20.3	0.116947634378
20.3166666667	0.107951662503
20.3333333333	0.116947634378
20.35	0.0539758312516
20.3666666667	0.116947634378
20.3833333333	0.134939578129
20.4	0.0719677750021
20.4166666667	0.116947634378
20.4333333333	0.116947634378
20.45	0.116947634378
20.4666666667	0.0719677750021
20.4833333333	0.116947634378
20.5	0.15293152188
20.5166666667	0.116947634378
20.5333333333	0.116947634378
20.55	0.116947634378
20.5666666667	0.116947634378
20.5833333333	0.107951662503
20.6	0.107951662503
20.6166666667	0.116947634378
20.6333333333	0.116947634378
20.65	0.116947634378
20.6666666667	0.0179919437505
20.6833333333	0.0899597187527
20.7	0.107951662503
20.7166666667	0.107951662503
20.7333333333	0.116947634378
20.75	0.116947634378
20.7666666667	0.134939578129
20.7833333333	0.134939578129
20.8	0.107951662503
20.8166666667	0.134939578129
20.8333333333	0.116947634378
20.85	0.0899597187527
20.8666666667	0.107951662503
20.8833333333	0.107951662503
20.9	0.116947634378
20.9166666667	0.107951662503
20.9333333333	0.116947634378
20.95	0.116947634378
20.9666666667	0.134939578129
20.9833333333	0.116947634378
21	0.116947634378
21.0166666667	0.134939578129
21.0333333333	0.134939578129
21.05	0.116947634378
21.0666666667	0.107951662503
21.0833333333	0.116947634378
21.1	0.116947634378
21.1166666667	0.116947634378
21.1333333333	0.134939578129
21.15	0.0719677750021
21.1666666667	0.107951662503
21.1833333333	0.116947634378
21.2	0.107951662503
21.2166666667	0.107951662503
21.2333333333	0.116947634378
21.25	0.134939578129
21.2666666667	0.116947634378
21.2833333333	0.107951662503
21.3	0.116947634378
21.3166666667	0.116947634378
21.3333333333	0.107951662503
21.35	0.134939578129
21.3666666667	0.134939578129
21.3833333333	0.116947634378
21.4	0.134939578129
21.4166666667	0.116947634378
21.4333333333	0.134939578129
21.45	0.116947634378
21.4666666667	0.0899597187527
21.4833333333	0.134939578129
21.5	0.134939578129
21.5166666667	0.116947634378
21.5333333333	0.0899597187527
21.55	0.116947634378
21.5666666667	0.116947634378
21.5833333333	0.116947634378
21.6	0.134939578129
21.6166666667	0.116947634378
21.6333333333	0.116947634378
21.65	0.116947634378
21.6666666667	0.0359838875011
21.6833333333	0.0899597187527
21.7	0.134939578129
21.7166666667	0.116947634378
21.7333333333	0.116947634378
21.75	0.107951662503
21.7666666667	0.134939578129
21.7833333333	0.15293152188
21.8	0.116947634378
21.8166666667	0.116947634378
21.8333333333	0.134939578129
21.85	0.116947634378
21.8666666667	0.116947634378
21.8833333333	0.116947634378
21.9	0.116947634378
21.9166666667	0.134939578129
21.9333333333	0.116947634378
21.95	0.116947634378
21.9666666667	0.116947634378
21.9833333333	0.116947634378
22	0.0899597187527
22.0166666667	0.116947634378
22.0333333333	0.116947634378
22.05	0.107951662503
22.0666666667	0.116947634378
22.0833333333	0.107951662503
22.1	0.107951662503
22.1166666667	0.107951662503
22.1333333333	0.0179919437505
22.15	0.107951662503
22.1666666667	0.107951662503
22.1833333333	0.107951662503
22.2	0.0539758312516
22.2166666667	0.116947634378
22.2333333333	0.134939578129
22.25	0.134939578129
22.2666666667	0.0899597187527
22.2833333333	0.116947634378
22.3	0.116947634378
22.3166666667	0.116947634378
22.3333333333	0.107951662503
22.35	0.0719677750021
22.3666666667	0.116947634378
22.3833333333	0.116947634378
22.4	0.134939578129
22.4166666667	0.107951662503
22.4333333333	0.116947634378
22.45	0.17092346563
22.4666666667	0.107951662503
22.4833333333	0.116947634378
22.5	0.116947634378
22.5166666667	0.134939578129
22.5333333333	0.116947634378
22.55	0.116947634378
22.5666666667	0.116947634378
22.5833333333	0.116947634378
22.6	0.116947634378
22.6166666667	0.107951662503
22.6333333333	0.0719677750021
22.65	0.116947634378
22.6666666667	0.0179919437505
22.6833333333	0.0899597187527
22.7	0.116947634378
22.7166666667	0.107951662503
22.7333333333	0.0899597187527
22.75	0.107951662503
22.7666666667	0.116947634378
22.7833333333	0.107951662503
22.8	0.116947634378
22.8166666667	0.116947634378
22.8333333333	0.116947634378
22.85	0.116947634378
22.8666666667	0.0719677750021
22.8833333333	0.116947634378
22.9	0.116947634378
22.9166666667	0.116947634378
22.9333333333	0.0539758312516
22.95	0.107951662503
22.9666666667	0.107951662503
22.9833333333	0.116947634378
23	0.134939578129
23.0166666667	0.134939578129
23.0333333333	0.116947634378
23.05	0.116947634378
23.0666666667	0.116947634378
23.0833333333	0.107951662503
23.1	0.116947634378
23.1166666667	0.107951662503
23.1333333333	0.107951662503
23.15	0.107951662503
23.1666666667	0.134939578129
23.1833333333	0.116947634378
23.2	0.0899597187527
23.2166666667	0.116947634378
23.2333333333	0.107951662503
23.25	0.107951662503
23.2666666667	0.116947634378
23.2833333333	0.116947634378
23.3	0.134939578129
23.3166666667	0.107951662503
23.3333333333	0.0359838875011
23.35	0.0899597187527
23.3666666667	0.116947634378
23.3833333333	0.134939578129
23.4	0.134939578129
23.4166666667	0.107951662503
23.4333333333	0.116947634378
23.45	0.116947634378
23.4666666667	0.107951662503
23.4833333333	0.116947634378
23.5	0.116947634378
23.5166666667	0.107951662503
23.5333333333	0.0899597187527
23.55	0.116947634378
23.5666666667	0.116947634378
23.5833333333	0.116947634378
23.6	0.116947634378
23.6166666667	0.107951662503
23.6333333333	0.116947634378
23.65	0.0899597187527
23.6666666667	0.0719677750021
23.6833333333	0.116947634378
23.7	0.116947634378
23.7166666667	0.116947634378
23.7333333333	0.0719677750021
23.75	0.116947634378
23.7666666667	0.116947634378
23.7833333333	0.0899597187527
23.8	0.0359838875011
23.8166666667	0.0899597187527
23.8333333333	0.0899597187527
23.85	0.0539758312516
23.8666666667	0.0719677750021
23.8833333333	0.0719677750021
23.9	0.0719677750021
23.9166666667	0
23.9333333333	0.0179919437505
23.95	0.0899597187527
23.9666666667	0.116947634378
23.9833333333	0.107951662503
24	0
24.0166666667	0.116947634378
24.0333333333	0.116947634378
24.05	0.107951662503
24.0666666667	0.116947634378
24.0833333333	0.116947634378
24.1	0.116947634378
24.1166666667	0.0899597187527
24.1333333333	0.107951662503
24.15	0.107951662503
24.1666666667	0.116947634378
24.1833333333	0.0899597187527
24.2	0.0539758312516
24.2166666667	0.0359838875011
24.2333333333	0.116947634378
24.25	0.107951662503
24.2666666667	0.0899597187527
24.2833333333	0.107951662503
24.3	0.116947634378
24.3166666667	0.0179919437505
24.3333333333	0.0899597187527
24.35	0.0719677750021
24.3666666667	0.116947634378
24.3833333333	0.0899597187527
24.4	0.0719677750021
24.4166666667	0.116947634378
24.4333333333	0.116947634378
24.45	0.0359838875011
24.4666666667	0.0719677750021
24.4833333333	0.0359838875011
24.5	0.0539758312516
24.5166666667	0.0719677750021
24.5333333333	0.0719677750021
24.55	0.107951662503
24.5666666667	0.116947634378
24.5833333333	0.0719677750021
24.6	0.0179919437505
24.6166666667	0.0539758312516
24.6333333333	0.116947634378
24.65	0.116947634378
24.6666666667	0.0899597187527
24.6833333333	0.107951662503
24.7	0.116947634378
24.7166666667	0.0899597187527
24.7333333333	0.0539758312516
24.75	0.0539758312516
24.7666666667	0.0719677750021
24.7833333333	0.0539758312516
24.8	0.0719677750021
24.8166666667	0.0359838875011
24.8333333333	0.107951662503
24.85	0.116947634378
24.8666666667	0.116947634378
24.8833333333	0.116947634378
24.9	0.116947634378
24.9166666667	0.134939578129
24.9333333333	0.0899597187527
24.95	0.107951662503
24.9666666667	0.134939578129
24.9833333333	0.107951662503
25	0.107951662503
25.0166666667	0.0359838875011
25.0333333333	0.134939578129
25.05	0.0719677750021
25.0666666667	0.0899597187527
25.0833333333	0.0539758312516
25.1	0.116947634378
25.1166666667	0.0179919437505
25.1333333333	0
25.15	0.107951662503
25.1666666667	0.116947634378
25.1833333333	0.0719677750021
25.2	0.0899597187527
25.2166666667	0.107951662503
25.2333333333	0.116947634378
25.25	0.0719677750021
25.2666666667	0.0899597187527
25.2833333333	0.107951662503
25.3	0.0719677750021
25.3166666667	0.0719677750021
25.3333333333	0.0359838875011
25.35	0.116947634378
25.3666666667	0.116947634378
25.3833333333	0.0539758312516
25.4	0.107951662503
25.4166666667	0.116947634378
25.4333333333	0.0899597187527
25.45	0.116947634378
25.4666666667	0.0719677750021
25.4833333333	0.107951662503
25.5	0.116947634378
25.5166666667	0.116947634378
25.5333333333	0.116947634378
25.55	0.116947634378
25.5666666667	0.15293152188
25.5833333333	0.116947634378
25.6	0.134939578129
25.6166666667	0.0899597187527
25.6333333333	0.116947634378
25.65	0.0719677750021
25.6666666667	0.0539758312516
25.6833333333	0.107951662503
25.7	0.116947634378
25.7166666667	0.107951662503
25.7333333333	0.116947634378
25.75	0.0899597187527
25.7666666667	0.107951662503
25.7833333333	0.116947634378
25.8	0.107951662503
25.8166666667	0.116947634378
25.8333333333	0.116947634378
25.85	0.116947634378
25.8666666667	0.107951662503
25.8833333333	0.15293152188
25.9	0.134939578129
25.9166666667	0.116947634378
25.9333333333	0.0719677750021
25.95	0.116947634378
25.9666666667	0.134939578129
25.9833333333	0.0539758312516
26	0.107951662503
26.0166666667	0.116947634378
26.0333333333	0.116947634378
26.05	0.15293152188
26.0666666667	0.116947634378
26.0833333333	0.116947634378
26.1	0.134939578129
26.1166666667	0.116947634378
26.1333333333	0.0899597187527
26.15	0.116947634378
26.1666666667	0.0899597187527
26.1833333333	0.0539758312516
26.2	0.0539758312516
26.2166666667	0.0899597187527
26.2333333333	0.0719677750021
26.25	0.107951662503
26.2666666667	0.0719677750021
26.2833333333	0.0719677750021
26.3	0.107951662503
26.3166666667	0.116947634378
26.3333333333	0.116947634378
26.35	0.0719677750021
26.3666666667	0.116947634378
26.3833333333	0.0719677750021
26.4	0.0359838875011
26.4166666667	0.0359838875011
26.4333333333	0.107951662503
26.45	0.107951662503
26.4666666667	0.0899597187527
26.4833333333	0.0359838875011
26.5	0.116947634378
26.5166666667	0.0359838875011
26.5333333333	0.0899597187527
26.55	0.0719677750021
26.5666666667	0.107951662503
26.5833333333	0.107951662503
26.6	0.0899597187527
26.6166666667	0.0359838875011
26.6333333333	0.134939578129
26.65	0.116947634378
26.6666666667	0
26.6833333333	0.0899597187527
26.7	0.107951662503
26.7166666667	0.0899597187527
26.7333333333	0.0539758312516
26.75	0.0899597187527
26.7666666667	0.116947634378
26.7833333333	0.0899597187527
26.8	0.0719677750021
26.8166666667	0.0899597187527
26.8333333333	0.134939578129
26.85	0.0719677750021
26.8666666667	0.107951662503
26.8833333333	0.0539758312516
26.9	0.0899597187527
26.9166666667	0.0359838875011
26.9333333333	0.0359838875011
26.95	0.0899597187527
26.9666666667	0.107951662503
26.9833333333	0.0719677750021
27	0.0899597187527
27.0166666667	0.107951662503
27.0333333333	0.0719677750021
27.05	0.0179919437505
27.0666666667	0.0179919437505
27.0833333333	0.0719677750021
27.1	0.116947634378
27.1166666667	0.107951662503
27.1333333333	0.0359838875011
27.15	0.107951662503
27.1666666667	0.116947634378
27.1833333333	0.107951662503
27.2	0.107951662503
27.2166666667	0.116947634378
27.2333333333	0.134939578129
27.25	0.116947634378
27.2666666667	0.0899597187527
27.2833333333	0.0719677750021
27.3	0.0899597187527
27.3166666667	0.116947634378
27.3333333333	0.0899597187527
27.35	0.0899597187527
27.3666666667	0.116947634378
27.3833333333	0.116947634378
27.4	0.0719677750021
27.4166666667	0.0719677750021
27.4333333333	0.116947634378
27.45	0.116947634378
27.4666666667	0.134939578129
27.4833333333	0.116947634378
27.5	0.107951662503
27.5166666667	0.116947634378
27.5333333333	0.0359838875011
27.55	0.0899597187527
27.5666666667	0.0899597187527
27.5833333333	0.0719677750021
27.6	0.116947634378
27.6166666667	0.0359838875011
27.6333333333	0.116947634378
27.65	0.116947634378
27.6666666667	0.116947634378
27.6833333333	0.0359838875011
27.7	0.134939578129
27.7166666667	0.116947634378
27.7333333333	0.107951662503
27.75	0.0899597187527
27.7666666667	0.116947634378
27.7833333333	0.116947634378
27.8	0.0719677750021
27.8166666667	0.0359838875011
27.8333333333	0.107951662503
27.85	0.0719677750021
27.8666666667	-0.0179919437505
27.8833333333	0.0539758312516
27.9	0.0359838875011
27.9166666667	0.116947634378
27.9333333333	0.0359838875011
27.95	0.0359838875011
27.9666666667	0.0719677750021
27.9833333333	0.0359838875011
28	0
28.0166666667	0.0899597187527
28.0333333333	0.134939578129
28.05	0.0899597187527
28.0666666667	0.0539758312516
28.0833333333	0.0899597187527
28.1	0.107951662503
28.1166666667	0.107951662503
28.1333333333	0.107951662503
28.15	0.0719677750021
28.1666666667	0.107951662503
28.1833333333	0.116947634378
28.2	0.0539758312516
28.2166666667	0.0899597187527
28.2333333333	0.0719677750021
28.25	0.107951662503
28.2666666667	0.0899597187527
28.2833333333	0.0899597187527
28.3	0.116947634378
28.3166666667	0.116947634378
28.3333333333	0.0719677750021
28.35	0.116947634378
28.3666666667	0.0899597187527
28.3833333333	0.134939578129
28.4	0.134939578129
28.4166666667	0.116947634378
28.4333333333	0.107951662503
28.45	0.116947634378
28.4666666667	0.116947634378
28.4833333333	0.116947634378
28.5	0.116947634378
28.5166666667	0.116947634378
28.5333333333	0.116947634378
28.55	0.107951662503
28.5666666667	0.116947634378
28.5833333333	0.107951662503
28.6	0.116947634378
28.6166666667	0.116947634378
28.6333333333	0.116947634378
28.65	0.116947634378
28.6666666667	0.116947634378
28.6833333333	0.0359838875011
28.7	0.116947634378
28.7166666667	0.0719677750021
28.7333333333	0.0899597187527
28.75	0.0359838875011
28.7666666667	0.107951662503
28.7833333333	0.116947634378
28.8	0.116947634378
28.8166666667	0.134939578129
28.8333333333	0.116947634378
28.85	0.116947634378
28.8666666667	0.116947634378
28.8833333333	0.116947634378
28.9	0.116947634378
28.9166666667	0.116947634378
28.9333333333	0.116947634378
28.95	0.134939578129
28.9666666667	0.116947634378
28.9833333333	0.134939578129
29	0.116947634378
29.0166666667	0.15293152188
29.0333333333	0.116947634378
29.05	0.116947634378
29.0666666667	0.116947634378
29.0833333333	0.15293152188
29.1	0.15293152188
29.1166666667	0.116947634378
29.1333333333	0.134939578129
29.15	0.134939578129
29.1666666667	0.116947634378
29.1833333333	0.134939578129
29.2	0.116947634378
29.2166666667	0.134939578129
29.2333333333	0.134939578129
29.25	0.116947634378
29.2666666667	0.116947634378
29.2833333333	0.116947634378
29.3	0.116947634378
29.3166666667	0.116947634378
29.3333333333	0.116947634378
29.35	0.116947634378
29.3666666667	0.116947634378
29.3833333333	0.116947634378
29.4	0.116947634378
29.4166666667	0.134939578129
29.4333333333	0.134939578129
29.45	0.116947634378
29.4666666667	0.116947634378
29.4833333333	0.116947634378
29.5	0.107951662503
29.5166666667	0.134939578129
29.5333333333	0.116947634378
29.55	0.134939578129
29.5666666667	0.116947634378
29.5833333333	0.116947634378
29.6	0.116947634378
29.6166666667	0.116947634378
29.6333333333	0.116947634378
29.65	0.134939578129
29.6666666667	0.116947634378
29.6833333333	0.107951662503
29.7	0.134939578129
29.7166666667	0.116947634378
29.7333333333	0.15293152188
29.75	0.116947634378
29.7666666667	0.116947634378
29.7833333333	0.116947634378
29.8	0.134939578129
29.8166666667	0.116947634378
29.8333333333	0.116947634378
29.85	0.15293152188
29.8666666667	0.116947634378
29.8833333333	0.134939578129
29.9	0.116947634378
29.9166666667	0.116947634378
29.9333333333	0.116947634378
29.95	0.116947634378
29.9666666667	0.116947634378
29.9833333333	0.116947634378
30	0.116947634378
30.0166666667	0.116947634378
30.0333333333	0.134939578129
30.05	0.116947634378
30.0666666667	0.116947634378
30.0833333333	0.116947634378
30.1	0.116947634378
30.1166666667	0.116947634378
30.1333333333	0.116947634378
30.15	0.116947634378
30.1666666667	0.134939578129
30.1833333333	0.15293152188
30.2	0.116947634378
30.2166666667	0.134939578129
30.2333333333	0.134939578129
30.25	0.134939578129
30.2666666667	0.134939578129
30.2833333333	0.134939578129
30.3	0.116947634378
30.3166666667	0.116947634378
30.3333333333	0.134939578129
30.35	0.116947634378
30.3666666667	0.116947634378
30.3833333333	0.116947634378
30.4	0.134939578129
30.4166666667	0.134939578129
30.4333333333	0.134939578129
30.45	0.116947634378
30.4666666667	0.116947634378
30.4833333333	0.134939578129
30.5	0.134939578129
30.5166666667	0.116947634378
30.5333333333	0.116947634378
30.55	0.134939578129
30.5666666667	0.116947634378
30.5833333333	0.134939578129
30.6	0.116947634378
30.6166666667	0.116947634378
30.6333333333	0.116947634378
30.65	0.116947634378
30.6666666667	0.116947634378
30.6833333333	0.15293152188
30.7	0.134939578129
30.7166666667	0.116947634378
30.7333333333	0.116947634378
30.75	0.116947634378
30.7666666667	0.15293152188
30.7833333333	0.116947634378
30.8	0.116947634378
30.8166666667	0.116947634378
30.8333333333	0.134939578129
30.85	0.116947634378
30.8666666667	0.116947634378
30.8833333333	0.134939578129
30.9	0.116947634378
30.9166666667	0.116947634378
30.9333333333	0.134939578129
30.95	0.116947634378
30.9666666667	0.116947634378
30.9833333333	0.134939578129
31	0.116947634378
31.0166666667	0.116947634378
31.0333333333	0.134939578129
31.05	0.116947634378
31.0666666667	0.116947634378
31.0833333333	0.134939578129
31.1	0.116947634378
31.1166666667	0.134939578129
31.1333333333	0.116947634378
31.15	0.116947634378
31.1666666667	0.134939578129
31.1833333333	0.116947634378
31.2	0.116947634378
31.2166666667	0.134939578129
31.2333333333	0.134939578129
31.25	0.134939578129
31.2666666667	0.134939578129
31.2833333333	0.116947634378
31.3	0.116947634378
31.3166666667	0.116947634378
31.3333333333	0.15293152188
31.35	0.134939578129
31.3666666667	0.134939578129
31.3833333333	0.134939578129
31.4	0.15293152188
31.4166666667	0.116947634378
31.4333333333	0.15293152188
31.45	0.116947634378
31.4666666667	0.134939578129
31.4833333333	0.134939578129
31.5	0.134939578129
31.5166666667	0.116947634378
31.5333333333	0.116947634378
31.55	0.116947634378
31.5666666667	0.116947634378
31.5833333333	0.116947634378
31.6	0.15293152188
31.6166666667	0.116947634378
31.6333333333	0.134939578129
31.65	0.134939578129
31.6666666667	0.134939578129
31.6833333333	0.134939578129
31.7	0.116947634378
31.7166666667	0.134939578129
31.7333333333	0.116947634378
31.75	0.116947634378
31.7666666667	0.134939578129
31.7833333333	0.134939578129
31.8	0.116947634378
31.8166666667	0.116947634378
31.8333333333	0.116947634378
31.85	0.116947634378
31.8666666667	0.116947634378
31.8833333333	0.15293152188
31.9	0.116947634378
31.9166666667	0.107951662503
31.9333333333	0.134939578129
31.95	0.116947634378
31.9666666667	0.107951662503
31.9833333333	0.15293152188
32	0.116947634378
32.0166666667	0.15293152188
32.0333333333	0.15293152188
32.05	0.116947634378
32.0666666667	0.116947634378
32.0833333333	0.116947634378
32.1	0.116947634378
32.1166666667	0.134939578129
32.1333333333	0.116947634378
32.15	0.134939578129
32.1666666667	0.116947634378
32.1833333333	0.134939578129
32.2	0.116947634378
32.2166666667	0.116947634378
32.2333333333	0.116947634378
32.25	0.107951662503
32.2666666667	0.116947634378
32.2833333333	0.134939578129
32.3	0.116947634378
32.3166666667	0.134939578129
32.3333333333	0.116947634378
32.35	0.116947634378
32.3666666667	0.15293152188
32.3833333333	0.134939578129
32.4	0.116947634378
32.4166666667	0.116947634378
32.4333333333	0.116947634378
32.45	0.134939578129
32.4666666667	0.15293152188
32.4833333333	0.116947634378
32.5	0.116947634378
32.5166666667	0.134939578129
32.5333333333	0.116947634378
32.55	0.116947634378
32.5666666667	0.134939578129
32.5833333333	0.116947634378
32.6	0.116947634378
32.6166666667	0.116947634378
32.6333333333	0.134939578129
32.65	0.134939578129
32.6666666667	0.116947634378
32.6833333333	0.116947634378
32.7	0.116947634378
32.7166666667	0.116947634378
32.7333333333	0.116947634378
32.75	0.17092346563
32.7666666667	0.116947634378
32.7833333333	0.134939578129
32.8	0.116947634378
32.8166666667	0.134939578129
32.8333333333	0.134939578129
32.85	0.134939578129
32.8666666667	0.17092346563
32.8833333333	0.15293152188
32.9	0.116947634378
32.9166666667	0.116947634378
32.9333333333	0.116947634378
32.95	0.15293152188
32.9666666667	0.116947634378
32.9833333333	0.116947634378
33	0.134939578129
33.0166666667	0.134939578129
33.0333333333	0.116947634378
33.05	0.134939578129
33.0666666667	0.116947634378
33.0833333333	0.116947634378
33.1	0.116947634378
33.1166666667	0.116947634378
33.1333333333	0.116947634378
33.15	0.116947634378
33.1666666667	0.116947634378
33.1833333333	0.15293152188
33.2	0.116947634378
33.2166666667	0.116947634378
33.2333333333	0.134939578129
33.25	0.116947634378
33.2666666667	0.116947634378
33.2833333333	0.134939578129
33.3	0.134939578129
33.3166666667	0.134939578129
33.3333333333	0.116947634378
33.35	0.15293152188
33.3666666667	0.116947634378
33.3833333333	0.116947634378
33.4	0.116947634378
33.4166666667	0.116947634378
33.4333333333	0.116947634378
33.45	0.15293152188
33.4666666667	0.116947634378
33.4833333333	0.116947634378
33.5	0.116947634378
33.5166666667	0.116947634378
33.5333333333	0.116947634378
33.55	0.116947634378
33.5666666667	0.116947634378
33.5833333333	0.134939578129
33.6	0.116947634378
33.6166666667	0.116947634378
33.6333333333	0.134939578129
33.65	0.116947634378
33.6666666667	0.116947634378
33.6833333333	0.116947634378
33.7	0.134939578129
33.7166666667	0.116947634378
33.7333333333	0.0899597187527
33.75	0.116947634378
33.7666666667	0.116947634378
33.7833333333	0.107951662503
33.8	0.116947634378
33.8166666667	0.116947634378
33.8333333333	0.116947634378
33.85	0.116947634378
33.8666666667	0.134939578129
33.8833333333	0.107951662503
33.9	0.116947634378
33.9166666667	0.116947634378
33.9333333333	0.116947634378
33.95	0.116947634378
33.9666666667	0.116947634378
33.9833333333	0.116947634378
34	0.116947634378
34.0166666667	0.134939578129
34.0333333333	0.134939578129
34.05	0.134939578129
34.0666666667	0.116947634378
34.0833333333	0.134939578129
34.1	0.116947634378
34.1166666667	0.134939578129
34.1333333333	0.107951662503
34.15	0.116947634378
34.1666666667	0.15293152188
34.1833333333	0.116947634378
34.2	0.116947634378
34.2166666667	0.134939578129
34.2333333333	0.116947634378
34.25	0.134939578129
34.2666666667	0.116947634378
34.2833333333	0.116947634378
34.3	0.116947634378
34.3166666667	0.107951662503
34.3333333333	0.134939578129
34.35	0.134939578129
34.3666666667	0.116947634378
34.3833333333	0.116947634378
34.4	0.116947634378
34.4166666667	0.116947634378
34.4333333333	0.17092346563
34.45	0.15293152188
34.4666666667	0.116947634378
34.4833333333	0.116947634378
34.5	0.15293152188
34.5166666667	0.134939578129
34.5333333333	0.116947634378
34.55	0.116947634378
34.5666666667	0.134939578129
34.5833333333	0.116947634378
34.6	0.134939578129
34.6166666667	0.116947634378
34.6333333333	0.116947634378
34.65	0.116947634378
34.6666666667	0.116947634378
34.6833333333	0.107951662503
34.7	0.134939578129
34.7166666667	0.116947634378
34.7333333333	0.134939578129
34.75	0.116947634378
34.7666666667	0.116947634378
34.7833333333	0.116947634378
34.8	0.134939578129
34.8166666667	0.15293152188
34.8333333333	0.134939578129
34.85	0.116947634378
34.8666666667	0.116947634378
34.8833333333	0.134939578129
34.9	0.116947634378
34.9166666667	0.134939578129
34.9333333333	0.116947634378
34.95	0.107951662503
34.9666666667	0.107951662503
34.9833333333	0.116947634378
35	0.107951662503
35.0166666667	0.15293152188
35.0333333333	0.107951662503
35.05	0.116947634378
35.0666666667	0.116947634378
35.0833333333	0.116947634378
35.1	0.134939578129
35.1166666667	0.107951662503
35.1333333333	0.0899597187527
35.15	0.116947634378
35.1666666667	0.107951662503
35.1833333333	0.116947634378
35.2	0.0359838875011
35.2166666667	0.107951662503
35.2333333333	0.116947634378
35.25	0.15293152188
35.2666666667	0.116947634378
35.2833333333	0.116947634378
35.3	0.134939578129
35.3166666667	0.116947634378
35.3333333333	0.116947634378
35.35	0.116947634378
35.3666666667	0.134939578129
35.3833333333	0.116947634378
35.4	0.107951662503
35.4166666667	0.116947634378
35.4333333333	0.116947634378
35.45	0.116947634378
35.4666666667	0.116947634378
35.4833333333	0.116947634378
35.5	0.116947634378
35.5166666667	0.134939578129
35.5333333333	0.0179919437505
35.55	0.107951662503
35.5666666667	0.134939578129
35.5833333333	0.116947634378
35.6	0.116947634378
35.6166666667	0.116947634378
35.6333333333	0.116947634378
35.65	0.116947634378
35.6666666667	0.116947634378
35.6833333333	0.107951662503
35.7	0.107951662503
35.7166666667	0.0899597187527
35.7333333333	0.116947634378
35.75	0.134939578129
35.7666666667	0.134939578129
35.7833333333	0.116947634378
35.8	0.116947634378
35.8166666667	0.116947634378
35.8333333333	0.134939578129
35.85	0.116947634378
35.8666666667	0.116947634378
35.8833333333	0.116947634378
35.9	0.116947634378
35.9166666667	0.116947634378
35.9333333333	0.107951662503
35.95	0.134939578129
35.9666666667	0.116947634378
35.9833333333	0.116947634378
36	0.107951662503
36.0166666667	0.116947634378
36.0333333333	0.116947634378
36.05	0.134939578129
36.0666666667	0.134939578129
36.0833333333	0.134939578129
36.1	0.116947634378
36.1166666667	0.134939578129
36.1333333333	0.107951662503
36.15	0.134939578129
36.1666666667	0.116947634378
36.1833333333	0.116947634378
36.2	0.107951662503
36.2166666667	0.116947634378
36.2333333333	0.116947634378
36.25	0.116947634378
36.2666666667	0.0899597187527
36.2833333333	0.116947634378
36.3	0.116947634378
36.3166666667	0.116947634378
36.3333333333	0.0899597187527
36.35	0.116947634378
36.3666666667	0.134939578129
36.3833333333	0.134939578129
36.4	0.116947634378
36.4166666667	0.116947634378
36.4333333333	0.134939578129
36.45	0.116947634378
36.4666666667	0.0899597187527
36.4833333333	0.0719677750021
36.5	0.116947634378
36.5166666667	0.116947634378
36.5333333333	0.0719677750021
36.55	0.107951662503
36.5666666667	0.107951662503
36.5833333333	0.107951662503
36.6	0.0899597187527
36.6166666667	0.0539758312516
36.6333333333	0.116947634378
36.65	0.0899597187527
36.6666666667	0.0179919437505
36.6833333333	0.116947634378
36.7	0.107951662503
36.7166666667	0.116947634378
36.7333333333	0.0719677750021
36.75	0.107951662503
36.7666666667	0.116947634378
36.7833333333	0.116947634378
36.8	0.107951662503
36.8166666667	0.116947634378
36.8333333333	0.134939578129
36.85	0.116947634378
36.8666666667	0.0719677750021
36.8833333333	0.116947634378
36.9	0.116947634378
36.9166666667	0.116947634378
36.9333333333	0.116947634378
36.95	0.116947634378
36.9666666667	0.116947634378
36.9833333333	0.116947634378
37	0.116947634378
37.0166666667	0.116947634378
37.0333333333	0.116947634378
37.05	0.116947634378
37.0666666667	0.107951662503
37.0833333333	0.116947634378
37.1	0.116947634378
37.1166666667	0.107951662503
37.1333333333	0.0899597187527
37.15	0.116947634378
37.1666666667	0.116947634378
37.1833333333	0.134939578129
37.2	0.116947634378
37.2166666667	0.116947634378
37.2333333333	0.116947634378
37.25	0.0899597187527
37.2666666667	0.116947634378
37.2833333333	0.107951662503
37.3	0.116947634378
37.3166666667	0.116947634378
37.3333333333	0.0719677750021
37.35	0.107951662503
37.3666666667	0.116947634378
37.3833333333	0.134939578129
37.4	0.116947634378
37.4166666667	0.134939578129
37.4333333333	0.116947634378
37.45	0.134939578129
37.4666666667	0.116947634378
37.4833333333	0.107951662503
37.5	0.107951662503
37.5166666667	0.134939578129
37.5333333333	0.107951662503
37.55	0.0899597187527
37.5666666667	0.116947634378
37.5833333333	0.107951662503
37.6	0.0899597187527
37.6166666667	0.116947634378
37.6333333333	0.116947634378
37.65	0.116947634378
37.6666666667	0.134939578129
37.6833333333	0.116947634378
37.7	0.134939578129
37.7166666667	0.116947634378
37.7333333333	0.0899597187527
37.75	0.116947634378
37.7666666667	0.116947634378
37.7833333333	0.116947634378
37.8	0.116947634378
37.8166666667	0.134939578129
37.8333333333	0.116947634378
37.85	0.116947634378
37.8666666667	0.134939578129
37.8833333333	0.107951662503
37.9	0.116947634378
37.9166666667	0.116947634378
37.9333333333	0.116947634378
37.95	0.116947634378
37.9666666667	0.134939578129
37.9833333333	0.107951662503
38	0.107951662503
38.0166666667	0.116947634378
38.0333333333	0.116947634378
38.05	0.107951662503
38.0666666667	0.107951662503
38.0833333333	0.116947634378
38.1	0.116947634378
38.1166666667	0.116947634378
38.1333333333	0.116947634378
38.15	0.116947634378
38.1666666667	0.134939578129
38.1833333333	0.107951662503
38.2	0.107951662503
38.2166666667	0.134939578129
38.2333333333	0.134939578129
38.25	0.116947634378
38.2666666667	0.0899597187527
38.2833333333	0.116947634378
38.3	0.116947634378
38.3166666667	0.116947634378
38.3333333333	0.116947634378
38.35	0.107951662503
38.3666666667	0.134939578129
38.3833333333	0.134939578129
38.4	0.134939578129
38.4166666667	0.116947634378
38.4333333333	0.116947634378
38.45	0.107951662503
38.4666666667	0.107951662503
38.4833333333	0.107951662503
38.5	0.116947634378
38.5166666667	0.116947634378
38.5333333333	0.0899597187527
38.55	0.116947634378
38.5666666667	0.134939578129
38.5833333333	0.116947634378
38.6	0.116947634378
38.6166666667	0.116947634378
38.6333333333	0.116947634378
38.65	0.107951662503
38.6666666667	0.116947634378
38.6833333333	0.134939578129
38.7	0.134939578129
38.7166666667	0.116947634378
38.7333333333	0.116947634378
38.75	0.116947634378
38.7666666667	0.116947634378
38.7833333333	0.134939578129
38.8	0.116947634378
38.8166666667	0.15293152188
38.8333333333	0.134939578129
38.85	0.116947634378
38.8666666667	0.116947634378
38.8833333333	0.116947634378
38.9	0.116947634378
38.9166666667	0.116947634378
38.9333333333	0.107951662503
38.95	0.134939578129
38.9666666667	0.116947634378
38.9833333333	0.116947634378
39	0.134939578129
39.0166666667	0.116947634378
39.0333333333	0.134939578129
39.05	0.116947634378
39.0666666667	0.107951662503
39.0833333333	0.116947634378
39.1	0.107951662503
39.1166666667	0.116947634378
39.1333333333	0.134939578129
39.15	0.107951662503
39.1666666667	0.107951662503
39.1833333333	0.116947634378
39.2	0.116947634378
39.2166666667	0.134939578129
39.2333333333	0.134939578129
39.25	0.107951662503
39.2666666667	0.116947634378
39.2833333333	0.134939578129
39.3	0.116947634378
39.3166666667	0.116947634378
39.3333333333	0.116947634378
39.35	0.116947634378
39.3666666667	0.116947634378
39.3833333333	0.116947634378
39.4	0.134939578129
39.4166666667	0.134939578129
39.4333333333	0.116947634378
39.45	0.116947634378
39.4666666667	0.116947634378
39.4833333333	0.107951662503
39.5	0.116947634378
39.5166666667	0.116947634378
39.5333333333	0.116947634378
39.55	0.107951662503
39.5666666667	0.107951662503
39.5833333333	0.116947634378
39.6	0.116947634378
39.6166666667	0.116947634378
39.6333333333	0.134939578129
39.65	0.116947634378
39.6666666667	0.116947634378
39.6833333333	0.116947634378
39.7	0.107951662503
39.7166666667	0.134939578129
39.7333333333	0.116947634378
39.75	0.116947634378
39.7666666667	0.107951662503
39.7833333333	0.116947634378
39.8	0.107951662503
39.8166666667	0.107951662503
39.8333333333	0.116947634378
39.85	0.134939578129
39.8666666667	0.116947634378
39.8833333333	0.116947634378
39.9	0.116947634378
39.9166666667	0.116947634378
39.9333333333	0.107951662503
39.95	0.134939578129
39.9666666667	0.134939578129
39.9833333333	0.107951662503
40	0.107951662503
40.0166666667	0.116947634378
40.0333333333	0.134939578129
40.05	0.107951662503
40.0666666667	0.107951662503
40.0833333333	0.107951662503
40.1	0.116947634378
40.1166666667	0.116947634378
40.1333333333	0.107951662503
40.15	0.116947634378
40.1666666667	0.116947634378
40.1833333333	0.116947634378
40.2	0.116947634378
40.2166666667	0.116947634378
40.2333333333	0.107951662503
40.25	0.116947634378
40.2666666667	0.0539758312516
40.2833333333	0.116947634378
40.3	0.116947634378
40.3166666667	0.116947634378
40.3333333333	0.116947634378
40.35	0.116947634378
40.3666666667	0.116947634378
40.3833333333	0.107951662503
40.4	0.107951662503
40.4166666667	0.134939578129
40.4333333333	0.116947634378
40.45	0.116947634378
40.4666666667	0.0899597187527
40.4833333333	0.134939578129
40.5	0.116947634378
40.5166666667	0.107951662503
40.5333333333	0.0719677750021
40.55	0.116947634378
40.5666666667	0.116947634378
40.5833333333	0.134939578129
40.6	0.116947634378
40.6166666667	0.116947634378
40.6333333333	0.134939578129
40.65	0.134939578129
40.6666666667	0.134939578129
40.6833333333	0.116947634378
40.7	0.116947634378
40.7166666667	0.107951662503
40.7333333333	0.116947634378
40.75	0.116947634378
40.7666666667	0.107951662503
40.7833333333	0.107951662503
40.8	0.0539758312516
40.8166666667	0.0539758312516
40.8333333333	0.116947634378
40.85	0.107951662503
40.8666666667	0.134939578129
40.8833333333	0.116947634378
40.9	0.116947634378
40.9166666667	0.116947634378
40.9333333333	0.0719677750021
40.95	0.116947634378
40.9666666667	0.134939578129
40.9833333333	0.116947634378
41	0.107951662503
41.0166666667	0.134939578129
41.0333333333	0.116947634378
41.05	0.116947634378
41.0666666667	0.107951662503
41.0833333333	0.15293152188
41.1	0.116947634378
41.1166666667	0.116947634378
41.1333333333	0.116947634378
41.15	0.107951662503
41.1666666667	0.116947634378
41.1833333333	0.134939578129
41.2	0.116947634378
41.2166666667	0.116947634378
41.2333333333	0.116947634378
41.25	0.134939578129
41.2666666667	0.116947634378
41.2833333333	0.107951662503
41.3	0.134939578129
41.3166666667	0.116947634378
41.3333333333	0.116947634378
41.35	0.107951662503
41.3666666667	0.116947634378
41.3833333333	0.107951662503
41.4	0.116947634378
41.4166666667	0.116947634378
41.4333333333	0.116947634378
41.45	0.116947634378
41.4666666667	0.107951662503
41.4833333333	0.134939578129
41.5	0.116947634378
41.5166666667	0.107951662503
41.5333333333	0.116947634378
41.55	0.134939578129
41.5666666667	0.116947634378
41.5833333333	0.116947634378
41.6	0.116947634378
41.6166666667	0.116947634378
41.6333333333	0.107951662503
41.65	0.116947634378
41.6666666667	0.116947634378
41.6833333333	0.116947634378
41.7	0.116947634378
41.7166666667	0.15293152188
41.7333333333	0.107951662503
41.75	0.116947634378
41.7666666667	0.116947634378
41.7833333333	0.116947634378
41.8	0.15293152188
41.8166666667	0.116947634378
41.8333333333	0.116947634378
41.85	0.116947634378
41.8666666667	0.134939578129
41.8833333333	0.116947634378
41.9	0.116947634378
41.9166666667	0.134939578129
41.9333333333	0.107951662503
41.95	0.116947634378
41.9666666667	0.116947634378
41.9833333333	0.116947634378
42	0.116947634378
42.0166666667	0.116947634378
42.0333333333	0.116947634378
42.05	0.116947634378
42.0666666667	0.107951662503
42.0833333333	0.116947634378
42.1	0.134939578129
42.1166666667	0.116947634378
42.1333333333	0.134939578129
42.15	0.116947634378
42.1666666667	0.116947634378
42.1833333333	0.116947634378
42.2	0.0359838875011
42.2166666667	0.0899597187527
42.2333333333	0.107951662503
42.25	0.116947634378
42.2666666667	0.116947634378
42.2833333333	0.116947634378
42.3	0.116947634378
42.3166666667	0.116947634378
42.3333333333	0.0719677750021
42.35	0.107951662503
42.3666666667	0.116947634378
42.3833333333	0.107951662503
42.4	0.0539758312516
42.4166666667	0.107951662503
42.4333333333	0.116947634378
42.45	0.107951662503
42.4666666667	0.116947634378
42.4833333333	0.116947634378
42.5	0.116947634378
42.5166666667	0.107951662503
42.5333333333	0.116947634378
42.55	0.107951662503
42.5666666667	0.116947634378
42.5833333333	0.107951662503
42.6	0.0539758312516
42.6166666667	0.0899597187527
42.6333333333	0.116947634378
42.65	0.116947634378
42.6666666667	0.116947634378
42.6833333333	0.134939578129
42.7	0.15293152188
42.7166666667	0.116947634378
42.7333333333	0.116947634378
42.75	0.116947634378
42.7666666667	0.116947634378
42.7833333333	0.107951662503
42.8	0.107951662503
42.8166666667	0.134939578129
42.8333333333	0.116947634378
42.85	0.134939578129
42.8666666667	0.0899597187527
42.8833333333	0.0899597187527
42.9	0.116947634378
42.9166666667	0.0719677750021
42.9333333333	0.134939578129
42.95	0.107951662503
42.9666666667	0.116947634378
42.9833333333	0.134939578129
43	0.0539758312516
43.0166666667	0.0719677750021
43.0333333333	0.107951662503
43.05	0.0539758312516
43.0666666667	0.0359838875011
43.0833333333	0.116947634378
43.1	0.116947634378
43.1166666667	0.116947634378
43.1333333333	0.0899597187527
43.15	0.0899597187527
43.1666666667	0.116947634378
43.1833333333	0.107951662503
43.2	-0.0179919437505
43.2166666667	0.107951662503
43.2333333333	0.134939578129
43.25	0.116947634378
43.2666666667	0.116947634378
43.2833333333	0.107951662503
43.3	0.134939578129
43.3166666667	0.0899597187527
43.3333333333	0.0539758312516
43.35	0.0539758312516
43.3666666667	0.0539758312516
43.3833333333	0.107951662503
43.4	0.0719677750021
43.4166666667	0.116947634378
43.4333333333	0.116947634378
43.45	0.107951662503
43.4666666667	0.0539758312516
43.4833333333	0.0359838875011
43.5	0.0899597187527
43.5166666667	0.0719677750021
43.5333333333	0
43.55	0.116947634378
43.5666666667	0.116947634378
43.5833333333	0.0719677750021
43.6	0.0719677750021
43.6166666667	0.0719677750021
43.6333333333	0.0899597187527
43.65	0.0719677750021
43.6666666667	0.0359838875011
43.6833333333	0.116947634378
43.7	0.116947634378
43.7166666667	0.116947634378
43.7333333333	0.107951662503
43.75	0.116947634378
43.7666666667	0.116947634378
43.7833333333	0.0899597187527
43.8	0.116947634378
43.8166666667	0.107951662503
43.8333333333	0.0539758312516
43.85	0.0899597187527
43.8666666667	0.107951662503
43.8833333333	0.0899597187527
43.9	0.0539758312516
43.9166666667	0
43.9333333333	0.0179919437505
43.95	0.0539758312516
43.9666666667	0.107951662503
43.9833333333	0.107951662503
44	0.0719677750021
44.0166666667	0.0899597187527
44.0333333333	0.0359838875011
44.05	0.0899597187527
44.0666666667	0.0899597187527
44.0833333333	0.0719677750021
44.1	0.107951662503
44.1166666667	0.107951662503
44.1333333333	0.0359838875011
44.15	0.0899597187527
44.1666666667	0.116947634378
44.1833333333	0.0179919437505
44.2	0.116947634378
44.2166666667	0.0899597187527
44.2333333333	0.0359838875011
44.25	0.0539758312516
44.2666666667	0
44.2833333333	0.0899597187527
44.3	0.0539758312516
44.3166666667	0.107951662503
44.3333333333	0.116947634378
44.35	0.107951662503
44.3666666667	0.116947634378
44.3833333333	0.116947634378
44.4	0.0179919437505
44.4166666667	0.116947634378
44.4333333333	0.107951662503
44.45	0.107951662503
44.4666666667	0.0899597187527
44.4833333333	0.107951662503
44.5	0.107951662503
44.5166666667	0.107951662503
44.5333333333	0.0899597187527
44.55	0.107951662503
44.5666666667	0.134939578129
44.5833333333	0.0719677750021
44.6	0.0899597187527
44.6166666667	0.116947634378
44.6333333333	0.116947634378
44.65	0.116947634378
44.6666666667	0.107951662503
44.6833333333	0.15293152188
44.7	0.107951662503
44.7166666667	0.116947634378
44.7333333333	0.107951662503
44.75	0.116947634378
44.7666666667	0.116947634378
44.7833333333	0.116947634378
44.8	0.107951662503
44.8166666667	0.116947634378
44.8333333333	0.107951662503
44.85	0.116947634378
44.8666666667	0.116947634378
44.8833333333	0.116947634378
44.9	0.116947634378
44.9166666667	0.116947634378
44.9333333333	0.0359838875011
44.95	0.0899597187527
44.9666666667	0.116947634378
44.9833333333	0.116947634378
45	0.0719677750021
45.0166666667	0.0539758312516
45.0333333333	0.0359838875011
45.05	0.0899597187527
45.0666666667	0.107951662503
45.0833333333	0.116947634378
45.1	0.116947634378
45.1166666667	0.116947634378
45.1333333333	0.116947634378
45.15	0.116947634378
45.1666666667	0.116947634378
45.1833333333	0.134939578129
45.2	0.116947634378
45.2166666667	0.107951662503
45.2333333333	0.116947634378
45.25	0.107951662503
45.2666666667	0.0539758312516
45.2833333333	0.107951662503
45.3	0.107951662503
45.3166666667	0.116947634378
45.3333333333	0.0899597187527
45.35	0.116947634378
45.3666666667	0.0719677750021
45.3833333333	0.134939578129
45.4	0.107951662503
45.4166666667	0.0719677750021
45.4333333333	0.134939578129
45.45	0.116947634378
45.4666666667	0.134939578129
45.4833333333	0.116947634378
45.5	0.116947634378
45.5166666667	0.116947634378
45.5333333333	0.116947634378
45.55	0.116947634378
45.5666666667	0.116947634378
45.5833333333	0.116947634378
45.6	0.107951662503
45.6166666667	0.116947634378
45.6333333333	0.116947634378
45.65	0.116947634378
45.6666666667	0.107951662503
45.6833333333	0.107951662503
45.7	0.116947634378
45.7166666667	0.107951662503
45.7333333333	0.0539758312516
45.75	0.107951662503
45.7666666667	0.107951662503
45.7833333333	0.116947634378
45.8	0.0719677750021
45.8166666667	0.0719677750021
45.8333333333	0.107951662503
45.85	0.107951662503
45.8666666667	0.0359838875011
45.8833333333	0.107951662503
45.9	0.107951662503
45.9166666667	0.0719677750021
45.9333333333	0.116947634378
45.95	0.0899597187527
45.9666666667	0.107951662503
45.9833333333	0.107951662503
46	0.107951662503
46.0166666667	0.134939578129
46.0333333333	0.116947634378
46.05	0.134939578129
46.0666666667	0.116947634378
46.0833333333	0.134939578129
46.1	0.116947634378
46.1166666667	0.134939578129
46.1333333333	0.116947634378
46.15	0.116947634378
46.1666666667	0.134939578129
46.1833333333	0.116947634378
46.2	0.116947634378
46.2166666667	0.0899597187527
46.2333333333	0.134939578129
46.25	0.134939578129
46.2666666667	0.116947634378
46.2833333333	0.116947634378
46.3	0.107951662503
46.3166666667	0.116947634378
46.3333333333	0.107951662503
46.35	0.116947634378
46.3666666667	0.134939578129
46.3833333333	0.116947634378
46.4	0.116947634378
46.4166666667	0.116947634378
46.4333333333	0.116947634378
46.45	0.116947634378
46.4666666667	0.0719677750021
46.4833333333	0.134939578129
46.5	0.134939578129
46.5166666667	0.116947634378
46.5333333333	0.134939578129
46.55	0.116947634378
46.5666666667	0.116947634378
46.5833333333	0.116947634378
46.6	0.116947634378
46.6166666667	0.107951662503
46.6333333333	0.116947634378
46.65	0.116947634378
46.6666666667	0.116947634378
46.6833333333	0.116947634378
46.7	0.116947634378
46.7166666667	0.116947634378
46.7333333333	0.116947634378
46.75	0.116947634378
46.7666666667	0.15293152188
46.7833333333	0.116947634378
46.8	0.116947634378
46.8166666667	0.116947634378
46.8333333333	0.134939578129
46.85	0.116947634378
46.8666666667	0.15293152188
46.8833333333	0.116947634378
46.9	0.134939578129
46.9166666667	0.116947634378
46.9333333333	0.107951662503
46.95	0.116947634378
46.9666666667	0.116947634378
46.9833333333	0.116947634378
47	0.134939578129
47.0166666667	0.15293152188
47.0333333333	0.116947634378
47.05	0.116947634378
47.0666666667	0.116947634378
47.0833333333	0.134939578129
47.1	0.107951662503
47.1166666667	0.116947634378
47.1333333333	0.116947634378
47.15	0.107951662503
47.1666666667	0.134939578129
47.1833333333	0.116947634378
47.2	0.134939578129
47.2166666667	0.116947634378
47.2333333333	0.116947634378
47.25	0.116947634378
47.2666666667	0.116947634378
47.2833333333	0.116947634378
47.3	0.116947634378
47.3166666667	0.116947634378
47.3333333333	0.116947634378
47.35	0.116947634378
47.3666666667	0.116947634378
47.3833333333	0.116947634378
47.4	0.0179919437505
47.4166666667	0.107951662503
47.4333333333	0.134939578129
47.45	0.116947634378
47.4666666667	0.116947634378
47.4833333333	0.116947634378
47.5	0.134939578129
47.5166666667	0.116947634378
47.5333333333	0.116947634378
47.55	0.116947634378
47.5666666667	0.134939578129
47.5833333333	0.107951662503
47.6	0.134939578129
47.6166666667	0.116947634378
47.6333333333	0.15293152188
47.65	0.107951662503
47.6666666667	0.134939578129
47.6833333333	0.0899597187527
47.7	0.116947634378
47.7166666667	0.116947634378
47.7333333333	0.116947634378
47.75	0.116947634378
47.7666666667	0.134939578129
47.7833333333	0.116947634378
47.8	0.116947634378
47.8166666667	0.116947634378
47.8333333333	0.134939578129
47.85	0.116947634378
47.8666666667	0.107951662503
47.8833333333	0.116947634378
47.9	0.134939578129
47.9166666667	0.116947634378
47.9333333333	0.116947634378
47.95	0.15293152188
47.9666666667	0.116947634378
47.9833333333	0.116947634378
48	0.134939578129
48.0166666667	0.116947634378
48.0333333333	0.116947634378
48.05	0.116947634378
48.0666666667	0.134939578129
48.0833333333	0.116947634378
48.1	0.116947634378
48.1166666667	0.116947634378
48.1333333333	0.116947634378
48.15	0.116947634378
48.1666666667	0.116947634378
48.1833333333	0.116947634378
48.2	0.134939578129
48.2166666667	0.116947634378
48.2333333333	0.116947634378
48.25	0.116947634378
48.2666666667	0.134939578129
48.2833333333	0.134939578129
48.3	0.116947634378
48.3166666667	0.116947634378
48.3333333333	0.116947634378
48.35	0.116947634378
48.3666666667	0.15293152188
48.3833333333	0.116947634378
48.4	0.116947634378
48.4166666667	0.134939578129
48.4333333333	0.116947634378
48.45	0.134939578129
48.4666666667	0.116947634378
48.4833333333	0.107951662503
48.5	0.134939578129
48.5166666667	0.116947634378
48.5333333333	0.134939578129
48.55	0.116947634378
48.5666666667	0.116947634378
48.5833333333	0.116947634378
48.6	0.134939578129
48.6166666667	0.134939578129
48.6333333333	0.15293152188
48.65	0.116947634378
48.6666666667	0.116947634378
48.6833333333	0.116947634378
48.7	0.15293152188
48.7166666667	0.116947634378
48.7333333333	0.116947634378
48.75	0.15293152188
48.7666666667	0.116947634378
48.7833333333	0.134939578129
48.8	0.116947634378
48.8166666667	0.134939578129
48.8333333333	0.116947634378
48.85	0.116947634378
48.8666666667	0.116947634378
48.8833333333	0.116947634378
48.9	0.116947634378
48.9166666667	0.116947634378
48.9333333333	0.134939578129
48.95	0.116947634378
48.9666666667	0.116947634378
48.9833333333	0.134939578129
49	0.116947634378
49.0166666667	0.116947634378
49.0333333333	0.116947634378
49.05	0.107951662503
49.0666666667	0.134939578129
49.0833333333	0.134939578129
49.1	0.17092346563
49.1166666667	0.134939578129
49.1333333333	0.134939578129
49.15	0.116947634378
49.1666666667	0.116947634378
49.1833333333	0.116947634378
49.2	0.116947634378
49.2166666667	0.116947634378
49.2333333333	0.134939578129
49.25	0.107951662503
49.2666666667	0.116947634378
49.2833333333	0.116947634378
49.3	0.116947634378
49.3166666667	0.116947634378
49.3333333333	0.116947634378
49.35	0.116947634378
49.3666666667	0.134939578129
49.3833333333	0.134939578129
49.4	0.116947634378
49.4166666667	0.107951662503
49.4333333333	0.15293152188
49.45	0.134939578129
49.4666666667	0.134939578129
49.4833333333	0.116947634378
49.5	0.116947634378
49.5166666667	0.134939578129
49.5333333333	0.116947634378
49.55	0.116947634378
49.5666666667	0.116947634378
49.5833333333	0.116947634378
49.6	0.116947634378
49.6166666667	0.116947634378
49.6333333333	0.116947634378
49.65	0.116947634378
49.6666666667	0.134939578129
49.6833333333	0.134939578129
49.7	0.116947634378
49.7166666667	0.134939578129
49.7333333333	0.116947634378
49.75	0.116947634378
49.7666666667	0.116947634378
49.7833333333	0.116947634378
49.8	0.116947634378
49.8166666667	0.134939578129
49.8333333333	0.134939578129
49.85	0.116947634378
49.8666666667	0.116947634378
49.8833333333	0.116947634378
49.9	0.134939578129
49.9166666667	0.134939578129
49.9333333333	0.116947634378
49.95	0.116947634378
49.9666666667	0.116947634378
49.9833333333	0.134939578129
50	0.134939578129
50.0166666667	0.116947634378
50.0333333333	0.116947634378
50.05	0.134939578129
50.0666666667	0.116947634378
50.0833333333	0.17092346563
50.1	0.116947634378
50.1166666667	0.134939578129
50.1333333333	0.116947634378
50.15	0.116947634378
50.1666666667	0.116947634378
50.1833333333	0.116947634378
50.2	0.116947634378
50.2166666667	0.116947634378
50.2333333333	0.116947634378
50.25	0.116947634378
50.2666666667	0.134939578129
50.2833333333	0.134939578129
50.3	0.134939578129
50.3166666667	0.134939578129
50.3333333333	0.116947634378
50.35	0.116947634378
50.3666666667	0.134939578129
50.3833333333	0.116947634378
50.4	0.116947634378
50.4166666667	0.134939578129
50.4333333333	0.15293152188
50.45	0.134939578129
50.4666666667	0.116947634378
50.4833333333	0.116947634378
50.5	0.134939578129
50.5166666667	0.116947634378
50.5333333333	0.116947634378
50.55	0.134939578129
50.5666666667	0.116947634378
50.5833333333	0.116947634378
50.6	0.116947634378
50.6166666667	0.116947634378
50.6333333333	0.134939578129
50.65	0.134939578129
50.6666666667	0.15293152188
50.6833333333	0.116947634378
50.7	0.116947634378
50.7166666667	0.116947634378
50.7333333333	0.134939578129
50.75	0.15293152188
50.7666666667	0.134939578129
50.7833333333	0.134939578129
50.8	0.116947634378
50.8166666667	0.134939578129
50.8333333333	0.116947634378
50.85	0.134939578129
50.8666666667	0.116947634378
50.8833333333	0.134939578129
50.9	0.134939578129
50.9166666667	0.134939578129
50.9333333333	0.116947634378
50.95	0.134939578129
50.9666666667	0.116947634378
50.9833333333	0.134939578129
51	0.134939578129
51.0166666667	0.116947634378
51.0333333333	0.134939578129
51.05	0.134939578129
51.0666666667	0.116947634378
51.0833333333	0.116947634378
51.1	0.116947634378
51.1166666667	0.116947634378
51.1333333333	0.134939578129
51.15	0.116947634378
51.1666666667	0.15293152188
51.1833333333	0.116947634378
51.2	0.116947634378
51.2166666667	0.134939578129
51.2333333333	0.116947634378
51.25	0.17092346563
51.2666666667	0.116947634378
51.2833333333	0.134939578129
51.3	0.134939578129
51.3166666667	0.116947634378
51.3333333333	0.134939578129
51.35	0.116947634378
51.3666666667	0.134939578129
51.3833333333	0.134939578129
51.4	0.134939578129
51.4166666667	0.116947634378
51.4333333333	0.116947634378
51.45	0.116947634378
51.4666666667	0.15293152188
51.4833333333	0.116947634378
51.5	0.116947634378
51.5166666667	0.116947634378
51.5333333333	0.116947634378
51.55	0.116947634378
51.5666666667	0.134939578129
51.5833333333	0.116947634378
51.6	0.116947634378
51.6166666667	0.116947634378
51.6333333333	0.116947634378
51.65	0.116947634378
51.6666666667	0.116947634378
51.6833333333	0.116947634378
51.7	0.116947634378
51.7166666667	0.116947634378
51.7333333333	0.134939578129
51.75	0.116947634378
51.7666666667	0.134939578129
51.7833333333	0.17092346563
51.8	0.116947634378
51.8166666667	0.116947634378
51.8333333333	0.134939578129
51.85	0.134939578129
51.8666666667	0.116947634378
51.8833333333	0.116947634378
51.9	0.134939578129
51.9166666667	0.116947634378
51.9333333333	0.134939578129
51.95	0.116947634378
51.9666666667	0.15293152188
51.9833333333	0.134939578129
52	0.134939578129
52.0166666667	0.134939578129
52.0333333333	0.134939578129
52.05	0.15293152188
52.0666666667	0.134939578129
52.0833333333	0.116947634378
52.1	0.116947634378
52.1166666667	0.116947634378
52.1333333333	0.134939578129
52.15	0.107951662503
52.1666666667	0.116947634378
52.1833333333	0.116947634378
52.2	0.134939578129
52.2166666667	0.116947634378
52.2333333333	0.116947634378
52.25	0.134939578129
52.2666666667	0.134939578129
52.2833333333	0.134939578129
52.3	0.134939578129
52.3166666667	0.134939578129
52.3333333333	0.17092346563
52.35	0.116947634378
52.3666666667	0.116947634378
52.3833333333	0.116947634378
52.4	0.134939578129
52.4166666667	0.134939578129
52.4333333333	0.116947634378
52.45	0.116947634378
52.4666666667	0.116947634378
52.4833333333	0.116947634378
52.5	0.116947634378
52.5166666667	0.116947634378
52.5333333333	0.116947634378
52.55	0.116947634378
52.5666666667	0.15293152188
52.5833333333	0.116947634378
52.6	0.134939578129
52.6166666667	0.134939578129
52.6333333333	0.116947634378
52.65	0.134939578129
52.6666666667	0.134939578129
52.6833333333	0.116947634378
52.7	0.116947634378
52.7166666667	0.116947634378
52.7333333333	0.116947634378
52.75	0.134939578129
52.7666666667	0.15293152188
52.7833333333	0.116947634378
52.8	0.15293152188
52.8166666667	0.134939578129
52.8333333333	0.134939578129
52.85	0.134939578129
52.8666666667	0.116947634378
52.8833333333	0.116947634378
52.9	0.134939578129
52.9166666667	0.134939578129
52.9333333333	0.17092346563
52.95	0.116947634378
52.9666666667	0.15293152188
52.9833333333	0.116947634378
53	0.15293152188
53.0166666667	0.116947634378
53.0333333333	0.116947634378
53.05	0.15293152188
53.0666666667	0.116947634378
53.0833333333	0.134939578129
53.1	0.116947634378
53.1166666667	0.116947634378
53.1333333333	0.134939578129
53.15	0.116947634378
53.1666666667	0.134939578129
53.1833333333	0.116947634378
53.2	0.116947634378
53.2166666667	0.116947634378
53.2333333333	0.116947634378
53.25	0.116947634378
53.2666666667	0.134939578129
53.2833333333	0.116947634378
53.3	0.134939578129
53.3166666667	0.116947634378
53.3333333333	0.134939578129
53.35	0.116947634378
53.3666666667	0.116947634378
53.3833333333	0.116947634378
53.4	0.134939578129
53.4166666667	0.134939578129
53.4333333333	0.17092346563
53.45	0.116947634378
53.4666666667	0.116947634378
53.4833333333	0.116947634378
53.5	0.116947634378
53.5166666667	0.134939578129
53.5333333333	0.116947634378
53.55	0.116947634378
53.5666666667	0.134939578129
53.5833333333	0.134939578129
53.6	0.116947634378
53.6166666667	0.134939578129
53.6333333333	0.134939578129
53.65	0.15293152188
53.6666666667	0.134939578129
53.6833333333	0.134939578129
53.7	0.116947634378
53.7166666667	0.134939578129
53.7333333333	0.134939578129
53.75	0.134939578129
53.7666666667	0.134939578129
53.7833333333	0.116947634378
53.8	0.134939578129
53.8166666667	0.134939578129
53.8333333333	0.134939578129
53.85	0.116947634378
53.8666666667	0.134939578129
53.8833333333	0.134939578129
53.9	0.116947634378
53.9166666667	0.134939578129
53.9333333333	0.134939578129
53.95	0.116947634378
53.9666666667	0.116947634378
53.9833333333	0.116947634378
54	0.134939578129
54.0166666667	0.116947634378
54.0333333333	0.134939578129
54.05	0.17092346563
54.0666666667	0.134939578129
54.0833333333	0.134939578129
54.1	0.134939578129
54.1166666667	0.15293152188
54.1333333333	0.134939578129
54.15	0.134939578129
54.1666666667	0.206907353131
54.1833333333	0.15293152188
54.2	0.134939578129
54.2166666667	0.116947634378
54.2333333333	0.116947634378
54.25	0.116947634378
54.2666666667	0.134939578129
54.2833333333	0.188915409381
54.3	0.116947634378
54.3166666667	0.15293152188
54.3333333333	0.15293152188
54.35	0.17092346563
54.3666666667	0.134939578129
54.3833333333	0.15293152188
54.4	0.134939578129
54.4166666667	0.116947634378
54.4333333333	0.134939578129
54.45	0.116947634378
54.4666666667	0.134939578129
54.4833333333	0.116947634378
54.5	0.116947634378
54.5166666667	0.116947634378
54.5333333333	0.116947634378
54.55	0.116947634378
54.5666666667	0.116947634378
54.5833333333	0.134939578129
54.6	0.134939578129
54.6166666667	0.116947634378
54.6333333333	0.116947634378
54.65	0.134939578129
54.6666666667	0.134939578129
54.6833333333	0.116947634378
54.7	0.116947634378
54.7166666667	0.116947634378
54.7333333333	0.116947634378
54.75	0.116947634378
54.7666666667	0.134939578129
54.7833333333	0.15293152188
54.8	0.134939578129
54.8166666667	0.15293152188
54.8333333333	0.17092346563
54.85	0.15293152188
54.8666666667	0.134939578129
54.8833333333	0.116947634378
54.9	0.134939578129
54.9166666667	0.134939578129
54.9333333333	0.116947634378
54.95	0.134939578129
54.9666666667	0.134939578129
54.9833333333	0.188915409381
55	0.134939578129
55.0166666667	0.134939578129
55.0333333333	0.188915409381
55.05	0.15293152188
55.0666666667	0.116947634378
55.0833333333	0.116947634378
55.1	0.116947634378
55.1166666667	0.116947634378
55.1333333333	0.116947634378
55.15	0.134939578129
55.1666666667	0.242891240632
55.1833333333	0.188915409381
55.2	0.134939578129
55.2166666667	0.15293152188
55.2333333333	0.188915409381
55.25	0.260883184383
55.2666666667	0.224899296882
55.2833333333	0.188915409381
55.3	0.134939578129
55.3166666667	0.242891240632
55.3333333333	0.242891240632
55.35	0.188915409381
55.3666666667	0.15293152188
55.3833333333	0.224899296882
55.4	0.134939578129
55.4166666667	0.188915409381
55.4333333333	0.188915409381
55.45	0.224899296882
55.4666666667	0.134939578129
55.4833333333	0.224899296882
55.5	0.224899296882
55.5166666667	0.224899296882
55.5333333333	0.15293152188
55.55	0.15293152188
55.5666666667	0.17092346563
55.5833333333	0.188915409381
55.6	0.134939578129
55.6166666667	0.17092346563
55.6333333333	0.188915409381
55.65	0.242891240632
55.6666666667	0.224899296882
55.6833333333	0.206907353131
55.7	0.224899296882
55.7166666667	0.242891240632
55.7333333333	0.134939578129
55.75	0.188915409381
55.7666666667	0.242891240632
55.7833333333	0.206907353131
55.8	0.134939578129
55.8166666667	0.17092346563
55.8333333333	0.224899296882
55.85	0.224899296882
55.8666666667	0.206907353131
55.8833333333	0.206907353131
55.9	0.206907353131
55.9166666667	0.188915409381
55.9333333333	0.134939578129
55.95	0.17092346563
55.9666666667	0.206907353131
55.9833333333	0.15293152188
56	0.15293152188
56.0166666667	0.116947634378
56.0333333333	0.188915409381
56.05	0.206907353131
56.0666666667	0.206907353131
56.0833333333	0.17092346563
56.1	0.242891240632
56.1166666667	0.260883184383
56.1333333333	0.17092346563
56.15	0.242891240632
56.1666666667	0.260883184383
56.1833333333	0.224899296882
56.2	0.116947634378
56.2166666667	0.224899296882
56.2333333333	0.206907353131
56.25	0.242891240632
56.2666666667	0.224899296882
56.2833333333	0.260883184383
56.3	0.224899296882
56.3166666667	0.242891240632
56.3333333333	0.242891240632
56.35	0.224899296882
56.3666666667	0.224899296882
56.3833333333	0.260883184383
56.4	0.260883184383
56.4166666667	0.242891240632
56.4333333333	0.17092346563
56.45	0.206907353131
56.4666666667	0.242891240632
56.4833333333	0.206907353131
56.5	0.260883184383
56.5166666667	0.269879156258
56.5333333333	0.188915409381
56.55	0.224899296882
56.5666666667	0.206907353131
56.5833333333	0.224899296882
56.6	0.224899296882
56.6166666667	0.242891240632
56.6333333333	0.242891240632
56.65	0.224899296882
56.6666666667	0.224899296882
56.6833333333	0.188915409381
56.7	0.224899296882
56.7166666667	0.224899296882
56.7333333333	0.224899296882
56.75	0.224899296882
56.7666666667	0.206907353131
56.7833333333	0.224899296882
56.8	0.269879156258
56.8166666667	0.242891240632
56.8333333333	0.17092346563
56.85	0.17092346563
56.8666666667	0.188915409381
56.8833333333	0.188915409381
56.9	0.188915409381
56.9166666667	0.224899296882
56.9333333333	0.269879156258
56.95	0.242891240632
56.9666666667	0.188915409381
56.9833333333	0.224899296882
57	0.17092346563
57.0166666667	0.242891240632
57.0333333333	0.188915409381
57.05	0.242891240632
57.0666666667	0.224899296882
57.0833333333	0.188915409381
57.1	0.206907353131
57.1166666667	0.188915409381
57.1333333333	0.206907353131
57.15	0.188915409381
57.1666666667	0.269879156258
57.1833333333	0.260883184383
57.2	0.269879156258
57.2166666667	0.224899296882
57.2333333333	0.206907353131
57.25	0.188915409381
57.2666666667	0.206907353131
57.2833333333	0.206907353131
57.3	0.242891240632
57.3166666667	0.206907353131
57.3333333333	0.206907353131
57.35	0.260883184383
57.3666666667	0.188915409381
57.3833333333	0.17092346563
57.4	0.15293152188
57.4166666667	0.269879156258
57.4333333333	0.206907353131
57.45	0.17092346563
57.4666666667	0.188915409381
57.4833333333	0.188915409381
57.5	0.188915409381
57.5166666667	0.206907353131
57.5333333333	0.260883184383
57.55	0.260883184383
57.5666666667	0.224899296882
57.5833333333	0.188915409381
57.6	0.260883184383
57.6166666667	0.17092346563
57.6333333333	0.188915409381
57.65	0.224899296882
57.6666666667	0.188915409381
57.6833333333	0.206907353131
57.7	0.188915409381
57.7166666667	0.17092346563
57.7333333333	0.188915409381
57.75	0.17092346563
57.7666666667	0.17092346563
57.7833333333	0.17092346563
57.8	0.224899296882
57.8166666667	0.242891240632
57.8333333333	0.17092346563
57.85	0.188915409381
57.8666666667	0.224899296882
57.8833333333	0.188915409381
57.9	0.15293152188
57.9166666667	0.17092346563
57.9333333333	0.188915409381
57.95	0.206907353131
57.9666666667	0.17092346563
57.9833333333	0.224899296882
58	0.188915409381
58.0166666667	0.269879156258
58.0333333333	0.206907353131
58.05	0.206907353131
58.0666666667	0.188915409381
58.0833333333	0.206907353131
58.1	0.15293152188
58.1166666667	0.206907353131
58.1333333333	0.17092346563
58.15	0.15293152188
58.1666666667	0.15293152188
58.1833333333	0.17092346563
58.2	0.134939578129
58.2166666667	0.242891240632
58.2333333333	0.134939578129
58.25	0.17092346563
58.2666666667	0.15293152188
58.2833333333	0.17092346563
58.3	0.188915409381
58.3166666667	0.188915409381
58.3333333333	0.188915409381
58.35	0.188915409381
58.3666666667	0.224899296882
58.3833333333	0.15293152188
58.4	0.206907353131
58.4166666667	0.224899296882
58.4333333333	0.206907353131
58.45	0.15293152188
58.4666666667	0.17092346563
58.4833333333	0.15293152188
58.5	0.134939578129
58.5166666667	0.188915409381
58.5333333333	0.242891240632
58.55	0.188915409381
58.5666666667	0.17092346563
58.5833333333	0.206907353131
58.6	0.224899296882
58.6166666667	0.206907353131
58.6333333333	0.15293152188
58.65	0.15293152188
58.6666666667	0.17092346563
58.6833333333	0.206907353131
58.7	0.206907353131
58.7166666667	0.17092346563
58.7333333333	0.242891240632
58.75	0.188915409381
58.7666666667	0.206907353131
58.7833333333	0.15293152188
58.8	0.269879156258
58.8166666667	0.188915409381
58.8333333333	0.224899296882
58.85	0.188915409381
58.8666666667	0.188915409381
58.8833333333	0.15293152188
58.9	0.15293152188
58.9166666667	0.188915409381
58.9333333333	0.188915409381
58.95	0.206907353131
58.9666666667	0.15293152188
58.9833333333	0.224899296882
59	0.206907353131
59.0166666667	0.242891240632
59.0333333333	0.188915409381
59.05	0.206907353131
59.0666666667	0.224899296882
59.0833333333	0.188915409381
59.1	0.15293152188
59.1166666667	0.17092346563
59.1333333333	0.188915409381
59.15	0.224899296882
59.1666666667	0.224899296882
59.1833333333	0.224899296882
59.2	0.17092346563
59.2166666667	0.206907353131
59.2333333333	0.17092346563
59.25	0.206907353131
59.2666666667	0.188915409381
59.2833333333	0.242891240632
59.3	0.15293152188
59.3166666667	0.260883184383
59.3333333333	0.206907353131
59.35	0.224899296882
59.3666666667	0.15293152188
59.3833333333	0.188915409381
59.4	0.206907353131
59.4166666667	0.206907353131
59.4333333333	0.206907353131
59.45	0.224899296882
59.4666666667	0.260883184383
59.4833333333	0.224899296882
59.5	0.188915409381
59.5166666667	0.17092346563
59.5333333333	0.260883184383
59.55	0.188915409381
59.5666666667	0.224899296882
59.5833333333	0.188915409381
59.6	0.206907353131
59.6166666667	0.269879156258
59.6333333333	0.15293152188
59.65	0.224899296882
59.6666666667	0.15293152188
59.6833333333	0.224899296882
59.7	0.17092346563
59.7166666667	0.17092346563
59.7333333333	0.242891240632
59.75	0.17092346563
59.7666666667	0.224899296882
59.7833333333	0.206907353131
59.8	0.206907353131
59.8166666667	0.206907353131
59.8333333333	0.206907353131
59.85	0.15293152188
59.8666666667	0.188915409381
59.8833333333	0.17092346563
59.9	0.17092346563
59.9166666667	0.188915409381
59.9333333333	0.224899296882
59.95	0.242891240632
59.9666666667	0.224899296882
59.9833333333	0.17092346563
60	0.206907353131
60.0166666667	0.188915409381
60.0333333333	0.17092346563
60.05	0.17092346563
60.0666666667	0.17092346563
60.0833333333	0.206907353131
60.1	0.206907353131
