






20	0.051887212507
20.0166666667	0.015903325006
20.0333333333	0.051887212507
20.05	0.015903325006
20.0666666667	0.051887212507
20.0833333333	0.078875128133
20.1	0.033895268757
20.1166666667	0.051887212507
20.1333333333	0.033895268757
20.15	0.060883184383
20.1666666667	0.015903325006
20.1833333333	0.033895268757
20.2	0.096867071884
20.2166666667	0.078875128133
20.2333333333	0.033895268757
20.25	0.033895268757
20.2666666667	0.078875128133
20.2833333333	0.051887212507
20.3	0.051887212507
20.3166666667	0.078875128133
20.3333333333	0.060883184383
20.35	0.015903325006
20.3666666667	0.060883184383
20.3833333333	0.060883184383
20.4	0.078875128133
20.4166666667	0.078875128133
20.4333333333	0.060883184383
20.45	0.078875128133
20.4666666667	0.060883184383
20.4833333333	0.078875128133
20.5	0.096867071884
20.5166666667	0.078875128133
20.5333333333	0.078875128133
20.55	0.051887212507
20.5666666667	0.096867071884
20.5833333333	-0.00208861874400002
20.6	-0.00208861874400002
20.6166666667	0.078875128133
20.6333333333	0.051887212507
20.65	0.060883184383
20.6666666667	0.033895268757
20.6833333333	0.096867071884
20.7	0.051887212507
20.7166666667	0.015903325006
20.7333333333	-0.00208861874400002
20.75	0.096867071884
20.7666666667	0.060883184383
20.7833333333	0.060883184383
20.8	0.096867071884
20.8166666667	0.060883184383
20.8333333333	0.096867071884
20.85	-0.020080562495
20.8666666667	0.033895268757
20.8833333333	0.051887212507
20.9	0.078875128133
20.9166666667	0.096867071884
20.9333333333	0.060883184383
20.95	0.114859015634
20.9666666667	0.051887212507
20.9833333333	0.051887212507
21	0.096867071884
21.0166666667	0.12385498751
21.0333333333	0.096867071884
21.05	0.060883184383
21.0666666667	0.078875128133
21.0833333333	0.051887212507
21.1	0.060883184383
21.1166666667	0.051887212507
21.1333333333	0.12385498751
21.15	0.114859015634
21.1666666667	0.078875128133
21.1833333333	0.096867071884
21.2	0.051887212507
21.2166666667	0.096867071884
21.2333333333	0.078875128133
21.25	0.096867071884
21.2666666667	0.114859015634
21.2833333333	0.096867071884
21.3	0.078875128133
21.3166666667	0.114859015634
21.3333333333	0.033895268757
21.35	0.114859015634
21.3666666667	0.051887212507
21.3833333333	0.060883184383
21.4	0.096867071884
21.4166666667	0.078875128133
21.4333333333	0.051887212507
21.45	0.114859015634
21.4666666667	0.114859015634
21.4833333333	0.096867071884
21.5	0.060883184383
21.5166666667	0.096867071884
21.5333333333	0.015903325006
21.55	0.114859015634
21.5666666667	0.060883184383
21.5833333333	0.060883184383
21.6	0.096867071884
21.6166666667	0.051887212507
21.6333333333	0.096867071884
21.65	0.060883184383
21.6666666667	0.015903325006
21.6833333333	0.096867071884
21.7	0.060883184383
21.7166666667	0.096867071884
21.7333333333	0.096867071884
21.75	0.096867071884
21.7666666667	0.078875128133
21.7833333333	0.060883184383
21.8	0.078875128133
21.8166666667	0.051887212507
21.8333333333	0.078875128133
21.85	0.060883184383
21.8666666667	0.060883184383
21.8833333333	0.060883184383
21.9	0.060883184383
21.9166666667	0.078875128133
21.9333333333	0.078875128133
21.95	0.12385498751
21.9666666667	0.060883184383
21.9833333333	0.051887212507
22	0.078875128133
22.0166666667	0.060883184383
22.0333333333	0.060883184383
22.05	0.096867071884
22.0666666667	0.096867071884
22.0833333333	0.051887212507
22.1	0.060883184383
22.1166666667	0.12385498751
22.1333333333	0.078875128133
22.15	0.096867071884
22.1666666667	0.060883184383
22.1833333333	0.060883184383
22.2	0.033895268757
22.2166666667	0.078875128133
22.2333333333	0.078875128133
22.25	0.096867071884
22.2666666667	0.033895268757
22.2833333333	0.078875128133
22.3	0.033895268757
22.3166666667	0.078875128133
22.3333333333	0.051887212507
22.35	0.114859015634
22.3666666667	0.060883184383
22.3833333333	0.051887212507
22.4	0.078875128133
22.4166666667	0.12385498751
22.4333333333	0.096867071884
22.45	0.096867071884
22.4666666667	0.114859015634
22.4833333333	0.060883184383
22.5	0.033895268757
22.5166666667	0.114859015634
22.5333333333	0.078875128133
22.55	0.078875128133
22.5666666667	0.114859015634
22.5833333333	0.078875128133
22.6	0.060883184383
22.6166666667	0.096867071884
22.6333333333	0.096867071884
22.65	0.051887212507
22.6666666667	0.015903325006
22.6833333333	0.051887212507
22.7	0.096867071884
22.7166666667	0.051887212507
22.7333333333	-0.00208861874400002
22.75	0.060883184383
22.7666666667	0.096867071884
22.7833333333	0.096867071884
22.8	0.033895268757
22.8166666667	0.033895268757
22.8333333333	0.078875128133
22.85	0.114859015634
22.8666666667	0.114859015634
22.8833333333	0.051887212507
22.9	0.060883184383
22.9166666667	0.096867071884
22.9333333333	0.060883184383
22.95	0.051887212507
22.9666666667	0.078875128133
22.9833333333	0.078875128133
23	0.060883184383
23.0166666667	0.051887212507
23.0333333333	0.051887212507
23.05	0.096867071884
23.0666666667	0.096867071884
23.0833333333	0.114859015634
23.1	0.060883184383
23.1166666667	0.033895268757
23.1333333333	0.015903325006
23.15	0.015903325006
23.1666666667	0.096867071884
23.1833333333	0.078875128133
23.2	0.051887212507
23.2166666667	0.015903325006
23.2333333333	0.060883184383
23.25	0.033895268757
23.2666666667	-0.020080562495
23.2833333333	-0.00208861874400002
23.3	0.060883184383
23.3166666667	0.033895268757
23.3333333333	0.060883184383
23.35	0.060883184383
23.3666666667	0.12385498751
23.3833333333	0.078875128133
23.4	0.12385498751
23.4166666667	0.114859015634
23.4333333333	0.015903325006
23.45	0.078875128133
23.4666666667	0.096867071884
23.4833333333	0.096867071884
23.5	0.096867071884
23.5166666667	0.033895268757
23.5333333333	0.033895268757
23.55	0.114859015634
23.5666666667	0.096867071884
23.5833333333	-0.00208861874400002
23.6	0.051887212507
23.6166666667	0.051887212507
23.6333333333	0.033895268757
23.65	-0.020080562495
23.6666666667	0.078875128133
23.6833333333	0.096867071884
23.7	0.12385498751
23.7166666667	-0.00208861874400002
23.7333333333	0.015903325006
23.75	0.060883184383
23.7666666667	0.078875128133
23.7833333333	0.078875128133
23.8	0.033895268757
23.8166666667	0.015903325006
23.8333333333	0.096867071884
23.85	0.051887212507
23.8666666667	0.051887212507
23.8833333333	0.060883184383
23.9	0.114859015634
23.9166666667	0.033895268757
23.9333333333	0.015903325006
23.95	0.078875128133
23.9666666667	0.078875128133
23.9833333333	-0.020080562495
24	-0.020080562495
24.0166666667	-0.020080562495
24.0333333333	0.078875128133
24.05	0.033895268757
24.0666666667	0.078875128133
24.0833333333	0.078875128133
24.1	0.033895268757
24.1166666667	0.078875128133
24.1333333333	0.078875128133
24.15	0.096867071884
24.1666666667	0.096867071884
24.1833333333	-0.00208861874400002
24.2	-0.020080562495
24.2166666667	0.033895268757
24.2333333333	0.060883184383
24.25	0.060883184383
24.2666666667	0.015903325006
24.2833333333	0.033895268757
24.3	0.096867071884
24.3166666667	0.015903325006
24.3333333333	-0.00208861874400002
24.35	0.078875128133
24.3666666667	0.114859015634
24.3833333333	0.033895268757
24.4	0.015903325006
24.4166666667	0.060883184383
24.4333333333	0.060883184383
24.45	0.060883184383
24.4666666667	0.060883184383
24.4833333333	0.060883184383
24.5	0.078875128133
24.5166666667	0.015903325006
24.5333333333	0.033895268757
24.55	0.060883184383
24.5666666667	0.096867071884
24.5833333333	0.078875128133
24.6	0.015903325006
24.6166666667	0.051887212507
24.6333333333	0.12385498751
24.65	0.033895268757
24.6666666667	0.114859015634
24.6833333333	0.051887212507
24.7	0.114859015634
24.7166666667	-0.00208861874400002
24.7333333333	0.051887212507
24.75	0.078875128133
24.7666666667	0.033895268757
24.7833333333	0.015903325006
24.8	0.078875128133
24.8166666667	0.015903325006
24.8333333333	0.078875128133
24.85	0.078875128133
24.8666666667	0.078875128133
24.8833333333	0.060883184383
24.9	0.060883184383
24.9166666667	0.114859015634
24.9333333333	0.051887212507
24.95	0.078875128133
24.9666666667	0.078875128133
24.9833333333	0.051887212507
25	0.096867071884
25.0166666667	0.096867071884
25.0333333333	0.060883184383
25.05	0.078875128133
25.0666666667	0.096867071884
25.0833333333	0.051887212507
25.1	0.060883184383
25.1166666667	0.096867071884
25.1333333333	0.096867071884
25.15	0.078875128133
25.1666666667	0.060883184383
25.1833333333	0.033895268757
25.2	0.033895268757
25.2166666667	0.060883184383
25.2333333333	0.078875128133
25.25	0.051887212507
25.2666666667	0.096867071884
25.2833333333	0.033895268757
25.3	0.078875128133
25.3166666667	0.096867071884
25.3333333333	0.033895268757
25.35	0.078875128133
25.3666666667	0.060883184383
25.3833333333	0.060883184383
25.4	0.060883184383
25.4166666667	0.114859015634
25.4333333333	0.060883184383
25.45	0.060883184383
25.4666666667	0.033895268757
25.4833333333	0.078875128133
25.5	0.096867071884
25.5166666667	0.078875128133
25.5333333333	0.078875128133
25.55	0.060883184383
25.5666666667	0.060883184383
25.5833333333	0.114859015634
25.6	0.078875128133
25.6166666667	0.078875128133
25.6333333333	0.078875128133
25.65	0.096867071884
25.6666666667	0.078875128133
25.6833333333	0.051887212507
25.7	0.033895268757
25.7166666667	0.051887212507
25.7333333333	0.060883184383
25.75	0.078875128133
25.7666666667	0.078875128133
25.7833333333	0.060883184383
25.8	0.060883184383
25.8166666667	0.096867071884
25.8333333333	0.060883184383
25.85	0.096867071884
25.8666666667	0.078875128133
25.8833333333	0.060883184383
25.9	0.051887212507
25.9166666667	0.078875128133
25.9333333333	0.078875128133
25.95	0.060883184383
25.9666666667	0.114859015634
25.9833333333	0.096867071884
26	0.096867071884
26.0166666667	0.051887212507
26.0333333333	0.078875128133
26.05	0.015903325006
26.0666666667	0.078875128133
26.0833333333	0.114859015634
26.1	0.096867071884
26.1166666667	0.114859015634
26.1333333333	0.051887212507
26.15	0.114859015634
26.1666666667	0.060883184383
26.1833333333	0.078875128133
26.2	0.060883184383
26.2166666667	0.096867071884
26.2333333333	0.033895268757
26.25	0.096867071884
26.2666666667	0.114859015634
26.2833333333	0.078875128133
26.3	0.096867071884
26.3166666667	0.12385498751
26.3333333333	0.078875128133
26.35	0.096867071884
26.3666666667	0.114859015634
26.3833333333	0.078875128133
26.4	0.015903325006
26.4166666667	0.078875128133
26.4333333333	0.078875128133
26.45	0.015903325006
26.4666666667	0.060883184383
26.4833333333	0.051887212507
26.5	0.051887212507
26.5166666667	0.060883184383
26.5333333333	-0.00208861874400002
26.55	0.078875128133
26.5666666667	0.033895268757
26.5833333333	0.015903325006
26.6	0.015903325006
26.6166666667	0.051887212507
26.6333333333	0.060883184383
26.65	0.060883184383
26.6666666667	0.033895268757
26.6833333333	0.078875128133
26.7	0.078875128133
26.7166666667	0.096867071884
26.7333333333	0.078875128133
26.75	0.096867071884
26.7666666667	0.096867071884
26.7833333333	0.060883184383
26.8	0.060883184383
26.8166666667	0.060883184383
26.8333333333	0.078875128133
26.85	0.096867071884
26.8666666667	0.060883184383
26.8833333333	0.033895268757
26.9	0.051887212507
26.9166666667	0.033895268757
26.9333333333	0.096867071884
26.95	0.096867071884
26.9666666667	0.078875128133
26.9833333333	0.096867071884
27	0.078875128133
27.0166666667	0.060883184383
27.0333333333	0.096867071884
27.05	0.096867071884
27.0666666667	0.078875128133
27.0833333333	0.060883184383
27.1	0.114859015634
27.1166666667	0.060883184383
27.1333333333	0.096867071884
27.15	0.114859015634
27.1666666667	0.060883184383
27.1833333333	0.078875128133
27.2	0.060883184383
27.2166666667	0.078875128133
27.2333333333	0.033895268757
27.25	0.114859015634
27.2666666667	0.114859015634
27.2833333333	0.114859015634
27.3	-0.00208861874400002
27.3166666667	0.078875128133
27.3333333333	0.096867071884
27.35	0.051887212507
27.3666666667	0.033895268757
27.3833333333	0.12385498751
27.4	0.114859015634
27.4166666667	0.078875128133
27.4333333333	0.078875128133
27.45	0.078875128133
27.4666666667	0.078875128133
27.4833333333	0.12385498751
27.5	0.060883184383
27.5166666667	0.096867071884
27.5333333333	0.114859015634
27.55	0.12385498751
27.5666666667	0.051887212507
27.5833333333	0.114859015634
27.6	0.060883184383
27.6166666667	0.096867071884
27.6333333333	0.078875128133
27.65	0.078875128133
27.6666666667	0.096867071884
27.6833333333	0.114859015634
27.7	0.060883184383
27.7166666667	0.114859015634
27.7333333333	0.096867071884
27.75	0.051887212507
27.7666666667	0.051887212507
27.7833333333	0.078875128133
27.8	0.114859015634
27.8166666667	0.078875128133
27.8333333333	0.060883184383
27.85	0.114859015634
27.8666666667	0.060883184383
27.8833333333	0.114859015634
27.9	0.051887212507
27.9166666667	0.132850959385
27.9333333333	0.060883184383
27.95	0.060883184383
27.9666666667	0.096867071884
27.9833333333	0.060883184383
28	0.078875128133
28.0166666667	0.078875128133
28.0333333333	0.078875128133
28.05	0.096867071884
28.0666666667	0.078875128133
28.0833333333	0.096867071884
28.1	0.060883184383
28.1166666667	0.078875128133
28.1333333333	0.096867071884
28.15	0.051887212507
28.1666666667	0.033895268757
28.1833333333	0.051887212507
28.2	0.033895268757
28.2166666667	0.033895268757
28.2333333333	0.033895268757
28.25	0.078875128133
28.2666666667	0.033895268757
28.2833333333	0.033895268757
28.3	0.015903325006
28.3166666667	0.060883184383
28.3333333333	0.060883184383
28.35	0.033895268757
28.3666666667	0.015903325006
28.3833333333	0.114859015634
28.4	0.060883184383
28.4166666667	0.096867071884
28.4333333333	0.033895268757
28.45	0.078875128133
28.4666666667	0.096867071884
28.4833333333	0.051887212507
28.5	0.078875128133
28.5166666667	0.096867071884
28.5333333333	0.12385498751
28.55	0.078875128133
28.5666666667	0.051887212507
28.5833333333	0.114859015634
28.6	0.096867071884
28.6166666667	0.051887212507
28.6333333333	0.078875128133
28.65	0.060883184383
28.6666666667	0.078875128133
28.6833333333	0.033895268757
28.7	0.051887212507
28.7166666667	0.015903325006
28.7333333333	0.033895268757
28.75	0.015903325006
28.7666666667	0.051887212507
28.7833333333	0.033895268757
28.8	0.060883184383
28.8166666667	0.060883184383
28.8333333333	0.060883184383
28.85	0.015903325006
28.8666666667	0.033895268757
28.8833333333	0.096867071884
28.9	0.060883184383
28.9166666667	0.015903325006
28.9333333333	0.060883184383
28.95	0.015903325006
28.9666666667	0.060883184383
28.9833333333	0.015903325006
29	0.060883184383
29.0166666667	0.060883184383
29.0333333333	0.015903325006
29.05	0.060883184383
29.0666666667	0.015903325006
29.0833333333	0.033895268757
29.1	0.051887212507
29.1166666667	0.033895268757
29.1333333333	0.096867071884
29.15	0.015903325006
29.1666666667	0.051887212507
29.1833333333	0.051887212507
29.2	0.078875128133
29.2166666667	0.060883184383
29.2333333333	0.015903325006
29.25	0.033895268757
29.2666666667	0.033895268757
29.2833333333	0.015903325006
29.3	0.033895268757
29.3166666667	0.033895268757
29.3333333333	0.051887212507
29.35	0.033895268757
29.3666666667	0.060883184383
29.3833333333	0.051887212507
29.4	0.015903325006
29.4166666667	0.015903325006
29.4333333333	0.051887212507
29.45	0.051887212507
29.4666666667	0.033895268757
29.4833333333	0.033895268757
29.5	0.078875128133
29.5166666667	0.051887212507
29.5333333333	0.078875128133
29.55	0.096867071884
29.5666666667	0.078875128133
29.5833333333	0.078875128133
29.6	0.033895268757
29.6166666667	0.060883184383
29.6333333333	0.051887212507
29.65	0.015903325006
29.6666666667	0.060883184383
29.6833333333	0.060883184383
29.7	0.060883184383
29.7166666667	0.051887212507
29.7333333333	0.078875128133
29.75	0.033895268757
29.7666666667	0.060883184383
29.7833333333	0.096867071884
29.8	0.033895268757
29.8166666667	0.033895268757
29.8333333333	0.033895268757
29.85	0.078875128133
29.8666666667	0.060883184383
29.8833333333	0.078875128133
29.9	0.015903325006
29.9166666667	0.051887212507
29.9333333333	0.051887212507
29.95	0.033895268757
29.9666666667	0.033895268757
29.9833333333	0.078875128133
30	0.051887212507
30.0166666667	0.078875128133
30.0333333333	0.096867071884
30.05	0.033895268757
30.0666666667	0.060883184383
30.0833333333	0.033895268757
30.1	0.078875128133
30.1166666667	0.051887212507
30.1333333333	0.078875128133
30.15	0.060883184383
30.1666666667	0.051887212507
30.1833333333	0.096867071884
30.2	0.078875128133
30.2166666667	0.015903325006
30.2333333333	0.096867071884
30.25	0.096867071884
30.2666666667	0.114859015634
30.2833333333	0.114859015634
30.3	0.12385498751
30.3166666667	0.096867071884
30.3333333333	0.060883184383
30.35	0.051887212507
30.3666666667	0.051887212507
30.3833333333	0.078875128133
30.4	0.060883184383
30.4166666667	0.078875128133
30.4333333333	0.12385498751
30.45	0.078875128133
30.4666666667	0.096867071884
30.4833333333	0.078875128133
30.5	0.078875128133
30.5166666667	0.132850959385
30.5333333333	0.132850959385
30.55	0.114859015634
30.5666666667	0.060883184383
30.5833333333	0.114859015634
30.6	0.114859015634
30.6166666667	0.033895268757
30.6333333333	0.078875128133
30.65	0.015903325006
30.6666666667	0.051887212507
30.6833333333	0.060883184383
30.7	0.096867071884
30.7166666667	0.12385498751
30.7333333333	0.12385498751
30.75	0.12385498751
30.7666666667	0.096867071884
30.7833333333	0.096867071884
30.8	0.078875128133
30.8166666667	0.096867071884
30.8333333333	0.096867071884
30.85	0.033895268757
30.8666666667	0.060883184383
30.8833333333	0.033895268757
30.9	0.015903325006
30.9166666667	0.060883184383
30.9333333333	0.114859015634
30.95	0.051887212507
30.9666666667	0.078875128133
30.9833333333	0.060883184383
31	0.078875128133
31.0166666667	0.051887212507
31.0333333333	0.078875128133
31.05	-0.00208861874400002
31.0666666667	0.060883184383
31.0833333333	0.033895268757
31.1	0.051887212507
31.1166666667	0.015903325006
31.1333333333	0.051887212507
31.15	0.015903325006
31.1666666667	0.051887212507
31.1833333333	0.060883184383
31.2	0.078875128133
31.2166666667	0.015903325006
31.2333333333	0.033895268757
31.25	0.033895268757
31.2666666667	0.033895268757
31.2833333333	0.060883184383
31.3	0.060883184383
31.3166666667	0.114859015634
31.3333333333	0.114859015634
31.35	0.033895268757
31.3666666667	0.033895268757
31.3833333333	0.096867071884
31.4	0.114859015634
31.4166666667	0.114859015634
31.4333333333	0.114859015634
31.45	0.12385498751
31.4666666667	0.078875128133
31.4833333333	0.078875128133
31.5	0.060883184383
31.5166666667	0.078875128133
31.5333333333	0.060883184383
31.55	0.096867071884
31.5666666667	0.078875128133
31.5833333333	0.033895268757
31.6	0.060883184383
31.6166666667	0.051887212507
31.6333333333	0.060883184383
31.65	0.078875128133
31.6666666667	0.114859015634
31.6833333333	0.051887212507
31.7	0.078875128133
31.7166666667	0.033895268757
31.7333333333	0.033895268757
31.75	0.051887212507
31.7666666667	0.078875128133
31.7833333333	0.12385498751
31.8	0.12385498751
31.8166666667	0.096867071884
31.8333333333	0.114859015634
31.85	0.114859015634
31.8666666667	0.096867071884
31.8833333333	0.033895268757
31.9	0.078875128133
31.9166666667	0.033895268757
31.9333333333	0.114859015634
31.95	0.078875128133
31.9666666667	0.12385498751
31.9833333333	0.078875128133
32	0.060883184383
32.0166666667	0.015903325006
32.0333333333	0.078875128133
32.05	0.033895268757
32.0666666667	0.060883184383
32.0833333333	0.078875128133
32.1	0.114859015634
32.1166666667	0.051887212507
32.1333333333	0.114859015634
32.15	0.033895268757
32.1666666667	0.096867071884
32.1833333333	0.051887212507
32.2	0.060883184383
32.2166666667	0.060883184383
32.2333333333	0.078875128133
32.25	0.051887212507
32.2666666667	0.12385498751
32.2833333333	0.12385498751
32.3	0.096867071884
32.3166666667	0.060883184383
32.3333333333	0.096867071884
32.35	0.051887212507
32.3666666667	0.114859015634
32.3833333333	0.096867071884
32.4	0.114859015634
32.4166666667	0.114859015634
32.4333333333	0.114859015634
32.45	0.132850959385
32.4666666667	0.096867071884
32.4833333333	0.078875128133
32.5	0.12385498751
32.5166666667	0.114859015634
32.5333333333	0.096867071884
32.55	0.12385498751
32.5666666667	0.096867071884
32.5833333333	0.078875128133
32.6	0.060883184383
32.6166666667	0.051887212507
32.6333333333	0.078875128133
32.65	0.078875128133
32.6666666667	0.096867071884
32.6833333333	0.060883184383
32.7	0.096867071884
32.7166666667	0.015903325006
32.7333333333	0.060883184383
32.75	0.033895268757
32.7666666667	0.033895268757
32.7833333333	0.051887212507
32.8	0.060883184383
32.8166666667	0.078875128133
32.8333333333	0.033895268757
32.85	0.060883184383
32.8666666667	0.015903325006
32.8833333333	0.033895268757
32.9	0.060883184383
32.9166666667	0.060883184383
32.9333333333	0.060883184383
32.95	0.033895268757
32.9666666667	0.114859015634
32.9833333333	0.033895268757
33	0.060883184383
33.0166666667	0.060883184383
33.0333333333	0.096867071884
33.05	0.114859015634
33.0666666667	0.12385498751
33.0833333333	0.051887212507
33.1	0.096867071884
33.1166666667	0.114859015634
33.1333333333	0.060883184383
33.15	0.015903325006
33.1666666667	0.060883184383
33.1833333333	0.051887212507
33.2	0.078875128133
33.2166666667	0.114859015634
33.2333333333	0.12385498751
33.25	0.114859015634
33.2666666667	0.114859015634
33.2833333333	0.114859015634
33.3	0.114859015634
33.3166666667	0.114859015634
33.3333333333	0.14184693126
33.35	0.114859015634
33.3666666667	0.12385498751
33.3833333333	0.114859015634
33.4	0.12385498751
33.4166666667	0.051887212507
33.4333333333	0.096867071884
33.45	0.051887212507
33.4666666667	0.078875128133
33.4833333333	0.12385498751
33.5	0.114859015634
33.5166666667	0.033895268757
33.5333333333	0.096867071884
33.55	0.096867071884
33.5666666667	0.078875128133
33.5833333333	0.114859015634
33.6	0.12385498751
33.6166666667	0.096867071884
33.6333333333	0.12385498751
33.65	0.096867071884
33.6666666667	0.12385498751
33.6833333333	0.12385498751
33.7	0.12385498751
33.7166666667	0.12385498751
33.7333333333	0.114859015634
33.75	0.12385498751
33.7666666667	0.12385498751
33.7833333333	0.12385498751
33.8	0.12385498751
33.8166666667	0.078875128133
33.8333333333	0.12385498751
33.85	0.12385498751
33.8666666667	0.12385498751
33.8833333333	0.096867071884
33.9	0.114859015634
33.9166666667	0.12385498751
33.9333333333	0.12385498751
33.95	0.096867071884
33.9666666667	0.114859015634
33.9833333333	0.12385498751
34	0.12385498751
34.0166666667	0.114859015634
34.0333333333	0.14184693126
34.05	0.12385498751
34.0666666667	0.12385498751
34.0833333333	0.096867071884
34.1	0.12385498751
34.1166666667	0.114859015634
34.1333333333	0.033895268757
34.15	0.060883184383
34.1666666667	0.078875128133
34.1833333333	0.114859015634
34.2	0.114859015634
34.2166666667	0.12385498751
34.2333333333	0.12385498751
34.25	0.114859015634
34.2666666667	0.114859015634
34.2833333333	0.114859015634
34.3	0.12385498751
34.3166666667	0.096867071884
34.3333333333	0.14184693126
34.35	0.12385498751
34.3666666667	0.12385498751
34.3833333333	0.12385498751
34.4	0.14184693126
34.4166666667	0.114859015634
34.4333333333	0.12385498751
34.45	0.114859015634
34.4666666667	0.14184693126
34.4833333333	0.12385498751
34.5	0.12385498751
34.5166666667	0.12385498751
34.5333333333	0.12385498751
34.55	0.12385498751
34.5666666667	0.12385498751
34.5833333333	0.114859015634
34.6	0.096867071884
34.6166666667	0.078875128133
34.6333333333	0.078875128133
34.65	0.060883184383
34.6666666667	0.096867071884
34.6833333333	0.051887212507
34.7	0.051887212507
34.7166666667	0.015903325006
34.7333333333	0.096867071884
34.75	0.060883184383
34.7666666667	0.12385498751
34.7833333333	0.114859015634
34.8	0.12385498751
34.8166666667	0.12385498751
34.8333333333	0.051887212507
34.85	0.096867071884
34.8666666667	0.096867071884
34.8833333333	0.12385498751
34.9	0.14184693126
34.9166666667	0.14184693126
34.9333333333	0.078875128133
34.95	0.12385498751
34.9666666667	0.14184693126
34.9833333333	0.12385498751
35	0.114859015634
35.0166666667	0.114859015634
35.0333333333	0.12385498751
35.05	0.114859015634
35.0666666667	0.114859015634
35.0833333333	0.14184693126
35.1	0.14184693126
35.1166666667	0.12385498751
35.1333333333	0.14184693126
35.15	0.159838875011
35.1666666667	0.12385498751
35.1833333333	0.14184693126
35.2	0.12385498751
35.2166666667	0.132850959385
35.2333333333	0.14184693126
35.25	0.12385498751
35.2666666667	0.14184693126
35.2833333333	0.114859015634
35.3	0.12385498751
35.3166666667	0.12385498751
35.3333333333	0.14184693126
35.35	0.12385498751
35.3666666667	0.12385498751
35.3833333333	0.12385498751
35.4	0.12385498751
35.4166666667	0.14184693126
35.4333333333	0.12385498751
35.45	0.114859015634
35.4666666667	0.12385498751
35.4833333333	0.12385498751
35.5	0.114859015634
35.5166666667	0.14184693126
35.5333333333	0.12385498751
35.55	0.14184693126
35.5666666667	0.12385498751
35.5833333333	0.14184693126
35.6	0.12385498751
35.6166666667	0.14184693126
35.6333333333	0.12385498751
35.65	0.14184693126
35.6666666667	0.12385498751
35.6833333333	0.12385498751
35.7	0.114859015634
35.7166666667	0.114859015634
35.7333333333	0.12385498751
35.75	0.12385498751
35.7666666667	0.12385498751
35.7833333333	0.12385498751
35.8	0.12385498751
35.8166666667	0.14184693126
35.8333333333	0.12385498751
35.85	0.12385498751
35.8666666667	0.12385498751
35.8833333333	0.14184693126
35.9	0.132850959385
35.9166666667	0.12385498751
35.9333333333	0.114859015634
35.95	0.114859015634
35.9666666667	0.12385498751
35.9833333333	0.114859015634
36	0.12385498751
36.0166666667	0.12385498751
36.0333333333	0.114859015634
36.05	0.14184693126
36.0666666667	0.14184693126
36.0833333333	0.159838875011
36.1	0.12385498751
36.1166666667	0.14184693126
36.1333333333	0.159838875011
36.15	0.12385498751
36.1666666667	0.12385498751
36.1833333333	0.12385498751
36.2	0.14184693126
36.2166666667	0.114859015634
36.2333333333	0.159838875011
36.25	0.12385498751
36.2666666667	0.12385498751
36.2833333333	0.12385498751
36.3	0.159838875011
36.3166666667	0.12385498751
36.3333333333	0.12385498751
36.35	0.12385498751
36.3666666667	0.12385498751
36.3833333333	0.12385498751
36.4	0.12385498751
36.4166666667	0.14184693126
36.4333333333	0.14184693126
36.45	0.12385498751
36.4666666667	0.14184693126
36.4833333333	0.12385498751
36.5	0.14184693126
36.5166666667	0.12385498751
36.5333333333	0.12385498751
36.55	0.159838875011
36.5666666667	0.12385498751
36.5833333333	0.12385498751
36.6	0.12385498751
36.6166666667	0.114859015634
36.6333333333	0.12385498751
36.65	0.12385498751
36.6666666667	0.132850959385
36.6833333333	0.12385498751
36.7	0.12385498751
36.7166666667	0.12385498751
36.7333333333	0.12385498751
36.75	0.12385498751
36.7666666667	0.12385498751
36.7833333333	0.14184693126
36.8	0.12385498751
36.8166666667	0.12385498751
36.8333333333	0.12385498751
36.85	0.12385498751
36.8666666667	0.12385498751
36.8833333333	0.14184693126
36.9	0.12385498751
36.9166666667	0.14184693126
36.9333333333	0.12385498751
36.95	0.12385498751
36.9666666667	0.12385498751
36.9833333333	0.159838875011
37	0.12385498751
37.0166666667	0.14184693126
37.0333333333	0.14184693126
37.05	0.12385498751
37.0666666667	0.12385498751
37.0833333333	0.12385498751
37.1	0.12385498751
37.1166666667	0.14184693126
37.1333333333	0.12385498751
37.15	0.14184693126
37.1666666667	0.12385498751
37.1833333333	0.12385498751
37.2	0.14184693126
37.2166666667	0.114859015634
37.2333333333	0.12385498751
37.25	0.12385498751
37.2666666667	0.12385498751
37.2833333333	0.12385498751
37.3	0.14184693126
37.3166666667	0.12385498751
37.3333333333	0.12385498751
37.35	0.12385498751
37.3666666667	0.12385498751
37.3833333333	0.14184693126
37.4	0.12385498751
37.4166666667	0.14184693126
37.4333333333	0.159838875011
37.45	0.12385498751
37.4666666667	0.12385498751
37.4833333333	0.12385498751
37.5	0.12385498751
37.5166666667	0.14184693126
37.5333333333	0.12385498751
37.55	0.114859015634
37.5666666667	0.14184693126
37.5833333333	0.12385498751
37.6	0.12385498751
37.6166666667	0.114859015634
37.6333333333	0.14184693126
37.65	0.12385498751
37.6666666667	0.12385498751
37.6833333333	0.14184693126
37.7	0.12385498751
37.7166666667	0.14184693126
37.7333333333	0.12385498751
37.75	0.12385498751
37.7666666667	0.14184693126
37.7833333333	0.12385498751
37.8	0.12385498751
37.8166666667	0.12385498751
37.8333333333	0.12385498751
37.85	0.14184693126
37.8666666667	0.12385498751
37.8833333333	0.14184693126
37.9	0.14184693126
37.9166666667	0.12385498751
37.9333333333	0.14184693126
37.95	0.12385498751
37.9666666667	0.12385498751
37.9833333333	0.14184693126
38	0.12385498751
38.0166666667	0.12385498751
38.0333333333	0.159838875011
38.05	0.14184693126
38.0666666667	0.14184693126
38.0833333333	0.14184693126
38.1	0.12385498751
38.1166666667	0.12385498751
38.1333333333	0.14184693126
38.15	0.159838875011
38.1666666667	0.12385498751
38.1833333333	0.12385498751
38.2	0.14184693126
38.2166666667	0.159838875011
38.2333333333	0.12385498751
38.25	0.12385498751
38.2666666667	0.14184693126
38.2833333333	0.12385498751
38.3	0.12385498751
38.3166666667	0.12385498751
38.3333333333	0.12385498751
38.35	0.14184693126
38.3666666667	0.12385498751
38.3833333333	0.12385498751
38.4	0.12385498751
38.4166666667	0.12385498751
38.4333333333	0.12385498751
38.45	0.14184693126
38.4666666667	0.14184693126
38.4833333333	0.12385498751
38.5	0.12385498751
38.5166666667	0.14184693126
38.5333333333	0.12385498751
38.55	0.14184693126
38.5666666667	0.12385498751
38.5833333333	0.12385498751
38.6	0.159838875011
38.6166666667	0.132850959385
38.6333333333	0.14184693126
38.65	0.12385498751
38.6666666667	0.14184693126
38.6833333333	0.14184693126
38.7	0.12385498751
38.7166666667	0.14184693126
38.7333333333	0.159838875011
38.75	0.12385498751
38.7666666667	0.14184693126
38.7833333333	0.14184693126
38.8	0.14184693126
38.8166666667	0.12385498751
38.8333333333	0.12385498751
38.85	0.14184693126
38.8666666667	0.114859015634
38.8833333333	0.12385498751
38.9	0.14184693126
38.9166666667	0.14184693126
38.9333333333	0.12385498751
38.95	0.12385498751
38.9666666667	0.12385498751
38.9833333333	0.14184693126
39	0.14184693126
39.0166666667	0.12385498751
39.0333333333	0.12385498751
39.05	0.159838875011
39.0666666667	0.14184693126
39.0833333333	0.12385498751
39.1	0.12385498751
39.1166666667	0.12385498751
39.1333333333	0.12385498751
39.15	0.12385498751
39.1666666667	0.12385498751
39.1833333333	0.177830818761
39.2	0.12385498751
39.2166666667	0.12385498751
39.2333333333	0.14184693126
39.25	0.12385498751
39.2666666667	0.12385498751
39.2833333333	0.12385498751
39.3	0.12385498751
39.3166666667	0.12385498751
39.3333333333	0.12385498751
39.35	0.12385498751
39.3666666667	0.12385498751
39.3833333333	0.14184693126
39.4	0.14184693126
39.4166666667	0.14184693126
39.4333333333	0.12385498751
39.45	0.177830818761
39.4666666667	0.14184693126
39.4833333333	0.12385498751
39.5	0.12385498751
39.5166666667	0.159838875011
39.5333333333	0.12385498751
39.55	0.14184693126
39.5666666667	0.12385498751
39.5833333333	0.12385498751
39.6	0.12385498751
39.6166666667	0.159838875011
39.6333333333	0.14184693126
39.65	0.12385498751
39.6666666667	0.14184693126
39.6833333333	0.12385498751
39.7	0.14184693126
39.7166666667	0.12385498751
39.7333333333	0.12385498751
39.75	0.12385498751
39.7666666667	0.159838875011
39.7833333333	0.12385498751
39.8	0.14184693126
39.8166666667	0.12385498751
39.8333333333	0.12385498751
39.85	0.12385498751
39.8666666667	0.14184693126
39.8833333333	0.12385498751
39.9	0.12385498751
39.9166666667	0.14184693126
39.9333333333	0.12385498751
39.95	0.14184693126
39.9666666667	0.159838875011
39.9833333333	0.12385498751
40	0.14184693126
40.0166666667	0.12385498751
40.0333333333	0.14184693126
40.05	0.12385498751
40.0666666667	0.12385498751
40.0833333333	0.12385498751
40.1	0.14184693126
40.1166666667	0.12385498751
40.1333333333	0.14184693126
40.15	0.12385498751
40.1666666667	0.14184693126
40.1833333333	0.12385498751
40.2	0.12385498751
40.2166666667	0.12385498751
40.2333333333	0.12385498751
40.25	0.12385498751
40.2666666667	0.177830818761
40.2833333333	0.14184693126
40.3	0.12385498751
40.3166666667	0.12385498751
40.3333333333	0.14184693126
40.35	0.159838875011
40.3666666667	0.12385498751
40.3833333333	0.12385498751
40.4	0.159838875011
40.4166666667	0.159838875011
40.4333333333	0.12385498751
40.45	0.12385498751
40.4666666667	0.12385498751
40.4833333333	0.14184693126
40.5	0.14184693126
40.5166666667	0.12385498751
40.5333333333	0.12385498751
40.55	0.12385498751
40.5666666667	0.14184693126
40.5833333333	0.14184693126
40.6	0.14184693126
40.6166666667	0.12385498751
40.6333333333	0.159838875011
40.65	0.12385498751
40.6666666667	0.12385498751
40.6833333333	0.14184693126
40.7	0.12385498751
40.7166666667	0.14184693126
40.7333333333	0.12385498751
40.75	0.12385498751
40.7666666667	0.12385498751
40.7833333333	0.12385498751
40.8	0.12385498751
40.8166666667	0.14184693126
40.8333333333	0.12385498751
40.85	0.177830818761
40.8666666667	0.14184693126
40.8833333333	0.12385498751
40.9	0.159838875011
40.9166666667	0.14184693126
40.9333333333	0.12385498751
40.95	0.14184693126
40.9666666667	0.12385498751
40.9833333333	0.14184693126
41	0.12385498751
41.0166666667	0.14184693126
41.0333333333	0.12385498751
41.05	0.14184693126
41.0666666667	0.14184693126
41.0833333333	0.12385498751
41.1	0.159838875011
41.1166666667	0.12385498751
41.1333333333	0.12385498751
41.15	0.177830818761
41.1666666667	0.14184693126
41.1833333333	0.14184693126
41.2	0.14184693126
41.2166666667	0.159838875011
41.2333333333	0.14184693126
41.25	0.12385498751
41.2666666667	0.12385498751
41.2833333333	0.14184693126
41.3	0.12385498751
41.3166666667	0.14184693126
41.3333333333	0.14184693126
41.35	0.177830818761
41.3666666667	0.14184693126
41.3833333333	0.159838875011
41.4	0.14184693126
41.4166666667	0.12385498751
41.4333333333	0.14184693126
41.45	0.14184693126
41.4666666667	0.14184693126
41.4833333333	0.14184693126
41.5	0.159838875011
41.5166666667	0.12385498751
41.5333333333	0.12385498751
41.55	0.14184693126
41.5666666667	0.12385498751
41.5833333333	0.12385498751
41.6	0.12385498751
41.6166666667	0.12385498751
41.6333333333	0.12385498751
41.65	0.14184693126
41.6666666667	0.177830818761
41.6833333333	0.12385498751
41.7	0.159838875011
41.7166666667	0.12385498751
41.7333333333	0.14184693126
41.75	0.12385498751
41.7666666667	0.12385498751
41.7833333333	0.159838875011
41.8	0.14184693126
41.8166666667	0.12385498751
41.8333333333	0.14184693126
41.85	0.14184693126
41.8666666667	0.14184693126
41.8833333333	0.114859015634
41.9	0.177830818761
41.9166666667	0.14184693126
41.9333333333	0.12385498751
41.95	0.14184693126
41.9666666667	0.14184693126
41.9833333333	0.12385498751
42	0.14184693126
42.0166666667	0.14184693126
42.0333333333	0.14184693126
42.05	0.14184693126
42.0666666667	0.14184693126
42.0833333333	0.12385498751
42.1	0.14184693126
42.1166666667	0.14184693126
42.1333333333	0.12385498751
42.15	0.12385498751
42.1666666667	0.12385498751
42.1833333333	0.12385498751
42.2	0.14184693126
42.2166666667	0.159838875011
42.2333333333	0.14184693126
42.25	0.12385498751
42.2666666667	0.14184693126
42.2833333333	0.159838875011
42.3	0.12385498751
42.3166666667	0.159838875011
42.3333333333	0.159838875011
42.35	0.14184693126
42.3666666667	0.159838875011
42.3833333333	0.12385498751
42.4	0.14184693126
42.4166666667	0.14184693126
42.4333333333	0.159838875011
42.45	0.14184693126
42.4666666667	0.12385498751
42.4833333333	0.14184693126
42.5	0.159838875011
42.5166666667	0.12385498751
42.5333333333	0.14184693126
42.55	0.159838875011
42.5666666667	0.159838875011
42.5833333333	0.12385498751
42.6	0.14184693126
42.6166666667	0.12385498751
42.6333333333	0.14184693126
42.65	0.14184693126
42.6666666667	0.12385498751
42.6833333333	0.14184693126
42.7	0.12385498751
42.7166666667	0.12385498751
42.7333333333	0.12385498751
42.75	0.14184693126
42.7666666667	0.159838875011
42.7833333333	0.14184693126
42.8	0.14184693126
42.8166666667	0.12385498751
42.8333333333	0.12385498751
42.85	0.12385498751
42.8666666667	0.159838875011
42.8833333333	0.159838875011
42.9	0.195822762512
42.9166666667	0.12385498751
42.9333333333	0.14184693126
42.95	0.14184693126
42.9666666667	0.14184693126
42.9833333333	0.12385498751
43	0.14184693126
43.0166666667	0.159838875011
43.0333333333	0.14184693126
43.05	0.14184693126
43.0666666667	0.12385498751
43.0833333333	0.14184693126
43.1	0.12385498751
43.1166666667	0.14184693126
43.1333333333	0.14184693126
43.15	0.14184693126
43.1666666667	0.14184693126
43.1833333333	0.12385498751
43.2	0.12385498751
43.2166666667	0.14184693126
43.2333333333	0.14184693126
43.25	0.14184693126
43.2666666667	0.12385498751
43.2833333333	0.14184693126
43.3	0.177830818761
43.3166666667	0.14184693126
43.3333333333	0.159838875011
43.35	0.12385498751
43.3666666667	0.177830818761
43.3833333333	0.159838875011
43.4	0.177830818761
43.4166666667	0.12385498751
43.4333333333	0.159838875011
43.45	0.14184693126
43.4666666667	0.159838875011
43.4833333333	0.159838875011
43.5	0.177830818761
43.5166666667	0.159838875011
43.5333333333	0.159838875011
43.55	0.14184693126
43.5666666667	0.159838875011
43.5833333333	0.12385498751
43.6	0.14184693126
43.6166666667	0.159838875011
43.6333333333	0.14184693126
43.65	0.159838875011
43.6666666667	0.12385498751
43.6833333333	0.159838875011
43.7	0.14184693126
43.7166666667	0.12385498751
43.7333333333	0.12385498751
43.75	0.159838875011
43.7666666667	0.177830818761
43.7833333333	0.14184693126
43.8	0.177830818761
43.8166666667	0.159838875011
43.8333333333	0.267790537514
43.85	0.14184693126
43.8666666667	0.177830818761
43.8833333333	0.159838875011
43.9	0.231806650013
43.9166666667	0.14184693126
43.9333333333	0.177830818761
43.95	0.195822762512
43.9666666667	0.159838875011
43.9833333333	0.159838875011
44	0.267790537514
44.0166666667	0.195822762512
44.0333333333	0.195822762512
44.05	0.213814706262
44.0666666667	0.177830818761
44.0833333333	0.159838875011
44.1	0.276786509389
44.1166666667	0.159838875011
44.1333333333	0.177830818761
44.15	0.177830818761
44.1666666667	0.177830818761
44.1833333333	0.14184693126
44.2	0.159838875011
44.2166666667	0.159838875011
44.2333333333	0.177830818761
44.25	0.14184693126
44.2666666667	0.249798593763
44.2833333333	0.177830818761
44.3	0.249798593763
44.3166666667	0.231806650013
44.3333333333	0.177830818761
44.35	0.14184693126
44.3666666667	0.231806650013
44.3833333333	0.159838875011
44.4	0.276786509389
44.4166666667	0.231806650013
44.4333333333	0.195822762512
44.45	0.177830818761
44.4666666667	0.231806650013
44.4833333333	0.249798593763
44.5	0.249798593763
44.5166666667	0.177830818761
44.5333333333	0.249798593763
44.55	0.249798593763
44.5666666667	0.249798593763
44.5833333333	0.267790537514
44.6	0.159838875011
44.6166666667	0.177830818761
44.6333333333	0.213814706262
44.65	0.231806650013
44.6666666667	0.159838875011
44.6833333333	0.213814706262
44.7	0.195822762512
44.7166666667	0.231806650013
44.7333333333	0.213814706262
44.75	0.249798593763
44.7666666667	0.231806650013
44.7833333333	0.249798593763
44.8	0.249798593763
44.8166666667	0.267790537514
44.8333333333	0.267790537514
44.85	0.249798593763
44.8666666667	0.249798593763
44.8833333333	0.267790537514
44.9	0.231806650013
44.9166666667	0.267790537514
44.9333333333	0.195822762512
44.95	0.213814706262
44.9666666667	0.213814706262
44.9833333333	0.195822762512
45	0.159838875011
45.0166666667	0.14184693126
45.0333333333	0.195822762512
45.05	0.159838875011
45.0666666667	0.14184693126
45.0833333333	0.231806650013
45.1	0.231806650013
45.1166666667	0.12385498751
45.1333333333	0.12385498751
45.15	0.177830818761
45.1666666667	0.213814706262
45.1833333333	0.195822762512
45.2	0.231806650013
45.2166666667	0.14184693126
45.2333333333	0.267790537514
45.25	0.195822762512
45.2666666667	0.177830818761
45.2833333333	0.213814706262
45.3	0.249798593763
45.3166666667	0.12385498751
45.3333333333	0.12385498751
45.35	0.213814706262
45.3666666667	0.267790537514
45.3833333333	0.249798593763
45.4	0.249798593763
45.4166666667	0.249798593763
45.4333333333	0.177830818761
45.45	0.231806650013
45.4666666667	0.231806650013
45.4833333333	0.231806650013
45.5	0.159838875011
45.5166666667	0.177830818761
45.5333333333	0.195822762512
45.55	0.177830818761
45.5666666667	0.213814706262
45.5833333333	0.267790537514
45.6	0.267790537514
45.6166666667	0.267790537514
45.6333333333	0.267790537514
45.65	0.267790537514
45.6666666667	0.267790537514
45.6833333333	0.276786509389
45.7	0.267790537514
45.7166666667	0.29477845314
45.7333333333	0.276786509389
45.75	0.276786509389
45.7666666667	0.31277039689
45.7833333333	0.276786509389
45.8	0.276786509389
45.8166666667	0.330762340641
45.8333333333	0.420722059393
45.85	0.366746228142
45.8666666667	0.384738171892
45.8833333333	0.366746228142
45.9	0.330762340641
45.9166666667	0.31277039689
45.9333333333	0.384738171892
45.95	0.348754284391
45.9666666667	0.366746228142
45.9833333333	0.402730115643
46	0.366746228142
46.0166666667	0.420722059393
46.0333333333	0.429718031269
46.05	0.429718031269
46.0666666667	0.447709975019
46.0833333333	0.429718031269
46.1	0.447709975019
46.1166666667	0.447709975019
46.1333333333	0.429718031269
46.15	0.429718031269
46.1666666667	0.46570191877
46.1833333333	0.447709975019
46.2	0.510681778146
46.2166666667	0.501685806271
46.2333333333	0.528673721896
46.25	0.510681778146
46.2666666667	0.501685806271
46.2833333333	0.501685806271
46.3	0.528673721896
46.3166666667	0.510681778146
46.3333333333	0.582649553148
46.35	0.591645525023
46.3666666667	0.573653581273
46.3833333333	0.591645525023
46.4	0.573653581273
46.4166666667	0.609637468774
46.4333333333	0.573653581273
46.45	0.591645525023
46.4666666667	0.717589131277
46.4833333333	0.699597187527
46.5	0.681605243776
46.5166666667	0.609637468774
46.5333333333	0.645621356275
46.55	0.627629412524
46.5666666667	0.699597187527
46.5833333333	0.726585103152
46.6	0.762568990653
46.6166666667	0.726585103152
46.6333333333	0.726585103152
46.65	0.744577046903
46.6666666667	0.744577046903
46.6833333333	0.744577046903
46.7	0.726585103152
46.7166666667	0.8165448219
46.7333333333	0.87951662503
46.75	0.83453676566
46.7666666667	0.8165448219
46.7833333333	0.83453676566
46.8	0.83453676566
46.8166666667	0.798552878154
46.8333333333	0.780560934404
46.85	0.780560934404
46.8666666667	0.780560934404
46.8833333333	0.83453676566
46.9	0.87951662503
46.9166666667	0.83453676566
46.9333333333	0.87951662503
46.95	0.91550051253
46.9666666667	0.89750856878
46.9833333333	0.89750856878
47	0.87951662503
47.0166666667	0.87951662503
47.0333333333	0.89750856878
47.05	0.87951662503
47.0666666667	0.87951662503
47.0833333333	0.87951662503
47.1	0.87951662503
47.1166666667	0.87951662503
47.1333333333	0.89750856878
47.15	0.91550051253
47.1666666667	0.91550051253
47.1833333333	0.97847231566
47.2	0.89750856878
47.2166666667	0.95148440003
47.2333333333	0.97847231566
47.25	0.96048037191
47.2666666667	0.96048037191
47.2833333333	1.01445620316
47.3	0.99646425941
47.3166666667	0.97847231566
47.3333333333	0.96048037191
47.35	0.89750856878
47.3666666667	0.95148440003
47.3833333333	0.99646425941
47.4	0.89750856878
47.4166666667	0.89750856878
47.4333333333	0.87951662503
47.45	0.89750856878
47.4666666667	0.89750856878
47.4833333333	0.87951662503
47.5	0.87951662503
47.5166666667	0.89750856878
47.5333333333	0.89750856878
47.55	0.87951662503
47.5666666667	0.91550051253
47.5833333333	0.87951662503
47.6	0.87951662503
47.6166666667	0.87951662503
47.6333333333	0.87951662503
47.65	0.87951662503
47.6666666667	0.89750856878
47.6833333333	0.87951662503
47.7	0.87951662503
47.7166666667	0.87951662503
47.7333333333	0.85252870941
47.75	0.780560934404
47.7666666667	0.87951662503
47.7833333333	0.798552878154
47.8	0.83453676566
47.8166666667	0.798552878154
47.8333333333	0.780560934404
47.85	0.798552878154
47.8666666667	0.762568990653
47.8833333333	0.798552878154
47.9	0.780560934404
47.9166666667	0.87951662503
47.9333333333	0.744577046903
47.95	0.744577046903
47.9666666667	0.762568990653
47.9833333333	0.744577046903
48	0.726585103152
48.0166666667	0.762568990653
48.0333333333	0.744577046903
48.05	0.726585103152
48.0666666667	0.744577046903
48.0833333333	0.726585103152
48.1	0.717589131277
48.1166666667	0.726585103152
48.1333333333	0.717589131277
48.15	0.663613300025
48.1666666667	0.645621356275
48.1833333333	0.681605243776
48.2	0.609637468774
48.2166666667	0.609637468774
48.2333333333	0.663613300025
48.25	0.627629412524
48.2666666667	0.609637468774
48.2833333333	0.645621356275
48.3	0.681605243776
48.3166666667	0.663613300025
48.3333333333	0.627629412524
48.35	0.645621356275
48.3666666667	0.573653581273
48.3833333333	0.591645525023
48.4	0.573653581273
48.4166666667	0.573653581273
48.4333333333	0.573653581273
48.45	0.573653581273
48.4666666667	0.564657609398
48.4833333333	0.591645525023
48.5	0.501685806271
48.5166666667	0.573653581273
48.5333333333	0.546665665647
48.55	0.510681778146
48.5666666667	0.528673721896
48.5833333333	0.48369386252
48.6	0.510681778146
48.6166666667	0.46570191877
48.6333333333	0.48369386252
48.65	0.46570191877
48.6666666667	0.48369386252
48.6833333333	0.501685806271
48.7	0.501685806271
48.7166666667	0.546665665647
48.7333333333	0.528673721896
48.75	0.48369386252
48.7666666667	0.447709975019
48.7833333333	0.429718031269
48.8	0.447709975019
48.8166666667	0.447709975019
48.8333333333	0.447709975019
48.85	0.429718031269
48.8666666667	0.447709975019
48.8833333333	0.429718031269
48.9	0.429718031269
48.9166666667	0.429718031269
48.9333333333	0.429718031269
48.95	0.429718031269
48.9666666667	0.429718031269
48.9833333333	0.447709975019
49	0.429718031269
49.0166666667	0.420722059393
49.0333333333	0.420722059393
49.05	0.31277039689
49.0666666667	0.402730115643
49.0833333333	0.402730115643
49.1	0.330762340641
49.1166666667	0.330762340641
49.1333333333	0.330762340641
49.15	0.366746228142
49.1666666667	0.330762340641
49.1833333333	0.348754284391
49.2	0.348754284391
49.2166666667	0.348754284391
49.2333333333	0.384738171892
49.25	0.366746228142
49.2666666667	0.384738171892
49.2833333333	0.348754284391
49.3	0.384738171892
49.3166666667	0.420722059393
49.3333333333	0.366746228142
49.35	0.366746228142
49.3666666667	0.402730115643
49.3833333333	0.402730115643
49.4	0.384738171892
49.4166666667	0.31277039689
49.4333333333	0.366746228142
49.45	0.29477845314
49.4666666667	0.276786509389
49.4833333333	0.276786509389
49.5	0.330762340641
49.5166666667	0.29477845314
49.5333333333	0.276786509389
49.55	0.276786509389
49.5666666667	0.276786509389
49.5833333333	0.276786509389
49.6	0.276786509389
49.6166666667	0.276786509389
49.6333333333	0.29477845314
49.65	0.276786509389
49.6666666667	0.31277039689
49.6833333333	0.29477845314
49.7	0.276786509389
49.7166666667	0.31277039689
49.7333333333	0.31277039689
49.75	0.276786509389
49.7666666667	0.276786509389
49.7833333333	0.276786509389
49.8	0.276786509389
49.8166666667	0.276786509389
49.8333333333	0.29477845314
49.85	0.276786509389
49.8666666667	0.276786509389
49.8833333333	0.276786509389
49.9	0.29477845314
49.9166666667	0.29477845314
49.9333333333	0.267790537514
49.95	0.276786509389
49.9666666667	0.276786509389
49.9833333333	0.276786509389
50	0.276786509389
50.0166666667	0.276786509389
50.0333333333	0.267790537514
50.05	0.231806650013
50.0666666667	0.231806650013
50.0833333333	0.231806650013
50.1	0.267790537514
50.1166666667	0.276786509389
50.1333333333	0.249798593763
50.15	0.267790537514
50.1666666667	0.267790537514
50.1833333333	0.249798593763
50.2	0.276786509389
50.2166666667	0.267790537514
50.2333333333	0.267790537514
50.25	0.231806650013
50.2666666667	0.177830818761
50.2833333333	0.249798593763
50.3	0.267790537514
50.3166666667	0.231806650013
50.3333333333	0.213814706262
50.35	0.213814706262
50.3666666667	0.213814706262
50.3833333333	0.267790537514
50.4	0.276786509389
50.4166666667	0.267790537514
50.4333333333	0.249798593763
50.45	0.195822762512
50.4666666667	0.231806650013
50.4833333333	0.213814706262
50.5	0.177830818761
50.5166666667	0.195822762512
50.5333333333	0.177830818761
50.55	0.267790537514
50.5666666667	0.249798593763
50.5833333333	0.267790537514
50.6	0.267790537514
50.6166666667	0.231806650013
50.6333333333	0.213814706262
50.65	0.177830818761
50.6666666667	0.267790537514
50.6833333333	0.213814706262
50.7	0.213814706262
50.7166666667	0.249798593763
50.7333333333	0.213814706262
50.75	0.195822762512
50.7666666667	0.231806650013
50.7833333333	0.231806650013
50.8	0.159838875011
50.8166666667	0.195822762512
50.8333333333	0.249798593763
50.85	0.249798593763
50.8666666667	0.231806650013
50.8833333333	0.159838875011
50.9	0.159838875011
50.9166666667	0.177830818761
50.9333333333	0.195822762512
50.95	0.195822762512
50.9666666667	0.159838875011
50.9833333333	0.195822762512
51	0.159838875011
51.0166666667	0.159838875011
51.0333333333	0.195822762512
51.05	0.159838875011
51.0666666667	0.14184693126
51.0833333333	0.177830818761
51.1	0.231806650013
51.1166666667	0.159838875011
51.1333333333	0.159838875011
51.15	0.195822762512
51.1666666667	0.177830818761
51.1833333333	0.14184693126
51.2	0.159838875011
51.2166666667	0.249798593763
51.2333333333	0.231806650013
51.25	0.195822762512
51.2666666667	0.14184693126
51.2833333333	0.213814706262
51.3	0.249798593763
51.3166666667	0.195822762512
51.3333333333	0.177830818761
51.35	0.159838875011
51.3666666667	0.213814706262
51.3833333333	0.177830818761
51.4	0.195822762512
51.4166666667	0.159838875011
51.4333333333	0.177830818761
51.45	0.159838875011
51.4666666667	0.213814706262
51.4833333333	0.195822762512
51.5	0.177830818761
51.5166666667	0.231806650013
51.5333333333	0.195822762512
51.55	0.195822762512
51.5666666667	0.177830818761
51.5833333333	0.159838875011
51.6	0.231806650013
51.6166666667	0.213814706262
51.6333333333	0.177830818761
51.65	0.195822762512
51.6666666667	0.159838875011
51.6833333333	0.14184693126
51.7	0.195822762512
51.7166666667	0.195822762512
51.7333333333	0.177830818761
51.75	0.213814706262
51.7666666667	0.249798593763
51.7833333333	0.231806650013
51.8	0.249798593763
51.8166666667	0.177830818761
51.8333333333	0.159838875011
51.85	0.213814706262
51.8666666667	0.231806650013
51.8833333333	0.14184693126
51.9	0.231806650013
51.9166666667	0.249798593763
51.9333333333	0.249798593763
51.95	0.231806650013
51.9666666667	0.213814706262
51.9833333333	0.267790537514
52	0.249798593763
52.0166666667	0.195822762512
52.0333333333	0.249798593763
52.05	0.276786509389
52.0666666667	0.213814706262
52.0833333333	0.231806650013
52.1	0.231806650013
52.1166666667	0.213814706262
52.1333333333	0.231806650013
52.15	0.177830818761
52.1666666667	0.195822762512
52.1833333333	0.267790537514
52.2	0.231806650013
52.2166666667	0.177830818761
52.2333333333	0.231806650013
52.25	0.267790537514
52.2666666667	0.231806650013
52.2833333333	0.213814706262
52.3	0.249798593763
52.3166666667	0.231806650013
52.3333333333	0.267790537514
52.35	0.231806650013
52.3666666667	0.267790537514
52.3833333333	0.276786509389
52.4	0.249798593763
52.4166666667	0.213814706262
52.4333333333	0.249798593763
52.45	0.195822762512
52.4666666667	0.267790537514
52.4833333333	0.249798593763
52.5	0.231806650013
52.5166666667	0.249798593763
52.5333333333	0.267790537514
52.55	0.231806650013
52.5666666667	0.213814706262
52.5833333333	0.159838875011
52.6	0.195822762512
52.6166666667	0.231806650013
52.6333333333	0.267790537514
52.65	0.177830818761
52.6666666667	0.231806650013
52.6833333333	0.231806650013
52.7	0.249798593763
52.7166666667	0.231806650013
52.7333333333	0.276786509389
52.75	0.267790537514
52.7666666667	0.213814706262
52.7833333333	0.213814706262
52.8	0.195822762512
52.8166666667	0.213814706262
52.8333333333	0.231806650013
52.85	0.249798593763
52.8666666667	0.249798593763
52.8833333333	0.276786509389
52.9	0.267790537514
52.9166666667	0.231806650013
52.9333333333	0.177830818761
52.95	0.267790537514
52.9666666667	0.195822762512
52.9833333333	0.231806650013
53	0.267790537514
53.0166666667	0.276786509389
53.0333333333	0.249798593763
53.05	0.249798593763
53.0666666667	0.213814706262
53.0833333333	0.213814706262
53.1	0.231806650013
53.1166666667	0.159838875011
53.1333333333	0.177830818761
53.15	0.159838875011
53.1666666667	0.267790537514
53.1833333333	0.213814706262
53.2	0.213814706262
53.2166666667	0.195822762512
53.2333333333	0.231806650013
53.25	0.177830818761
53.2666666667	0.231806650013
53.2833333333	0.267790537514
53.3	0.267790537514
53.3166666667	0.231806650013
53.3333333333	0.213814706262
53.35	0.231806650013
53.3666666667	0.177830818761
53.3833333333	0.231806650013
53.4	0.231806650013
53.4166666667	0.267790537514
53.4333333333	0.249798593763
53.45	0.213814706262
53.4666666667	0.213814706262
53.4833333333	0.249798593763
53.5	0.195822762512
53.5166666667	0.267790537514
53.5333333333	0.249798593763
53.55	0.267790537514
53.5666666667	0.249798593763
53.5833333333	0.249798593763
53.6	0.249798593763
53.6166666667	0.249798593763
53.6333333333	0.249798593763
53.65	0.249798593763
53.6666666667	0.177830818761
53.6833333333	0.249798593763
53.7	0.231806650013
53.7166666667	0.249798593763
53.7333333333	0.267790537514
53.75	0.267790537514
53.7666666667	0.231806650013
53.7833333333	0.195822762512
53.8	0.231806650013
53.8166666667	0.231806650013
53.8333333333	0.249798593763
53.85	0.195822762512
53.8666666667	0.267790537514
53.8833333333	0.249798593763
53.9	0.276786509389
53.9166666667	0.231806650013
53.9333333333	0.195822762512
53.95	0.231806650013
53.9666666667	0.249798593763
53.9833333333	0.195822762512
54	0.213814706262
54.0166666667	0.249798593763
54.0333333333	0.195822762512
54.05	0.177830818761
54.0666666667	0.249798593763
54.0833333333	0.213814706262
54.1	0.249798593763
54.1166666667	0.231806650013
54.1333333333	0.276786509389
54.15	0.231806650013
54.1666666667	0.249798593763
54.1833333333	0.195822762512
54.2	0.213814706262
54.2166666667	0.231806650013
54.2333333333	0.267790537514
54.25	0.177830818761
54.2666666667	0.267790537514
54.2833333333	0.267790537514
54.3	0.14184693126
54.3166666667	0.249798593763
54.3333333333	0.195822762512
54.35	0.231806650013
54.3666666667	0.195822762512
54.3833333333	0.267790537514
54.4	0.213814706262
54.4166666667	0.177830818761
54.4333333333	0.231806650013
54.45	0.231806650013
54.4666666667	0.267790537514
54.4833333333	0.267790537514
54.5	0.231806650013
54.5166666667	0.177830818761
54.5333333333	0.231806650013
54.55	0.231806650013
54.5666666667	0.249798593763
54.5833333333	0.195822762512
54.6	0.231806650013
54.6166666667	0.231806650013
54.6333333333	0.249798593763
54.65	0.195822762512
54.6666666667	0.195822762512
54.6833333333	0.177830818761
54.7	0.159838875011
54.7166666667	0.159838875011
54.7333333333	0.177830818761
54.75	0.195822762512
54.7666666667	0.177830818761
54.7833333333	0.231806650013
54.8	0.14184693126
54.8166666667	0.231806650013
54.8333333333	0.231806650013
54.85	0.213814706262
54.8666666667	0.231806650013
54.8833333333	0.213814706262
54.9	0.231806650013
54.9166666667	0.276786509389
54.9333333333	0.249798593763
54.95	0.249798593763
54.9666666667	0.249798593763
54.9833333333	0.231806650013
55	0.231806650013
55.0166666667	0.267790537514
55.0333333333	0.249798593763
55.05	0.213814706262
55.0666666667	0.195822762512
55.0833333333	0.267790537514
55.1	0.195822762512
55.1166666667	0.231806650013
55.1333333333	0.231806650013
55.15	0.231806650013
55.1666666667	0.213814706262
55.1833333333	0.249798593763
55.2	0.231806650013
55.2166666667	0.267790537514
55.2333333333	0.159838875011
55.25	0.195822762512
55.2666666667	0.177830818761
55.2833333333	0.177830818761
55.3	0.231806650013
55.3166666667	0.249798593763
55.3333333333	0.276786509389
55.35	0.213814706262
55.3666666667	0.213814706262
55.3833333333	0.177830818761
55.4	0.12385498751
55.4166666667	0.213814706262
55.4333333333	0.159838875011
55.45	0.159838875011
55.4666666667	0.213814706262
55.4833333333	0.195822762512
55.5	0.177830818761
55.5166666667	0.159838875011
55.5333333333	0.159838875011
55.55	0.12385498751
55.5666666667	0.195822762512
55.5833333333	0.213814706262
55.6	0.213814706262
55.6166666667	0.195822762512
55.6333333333	0.159838875011
55.65	0.195822762512
55.6666666667	0.195822762512
55.6833333333	0.195822762512
55.7	0.195822762512
55.7166666667	0.195822762512
55.7333333333	0.159838875011
55.75	0.159838875011
55.7666666667	0.213814706262
55.7833333333	0.159838875011
55.8	0.177830818761
55.8166666667	0.177830818761
55.8333333333	0.195822762512
55.85	0.195822762512
55.8666666667	0.177830818761
55.8833333333	0.159838875011
55.9	0.159838875011
55.9166666667	0.159838875011
55.9333333333	0.195822762512
55.95	0.195822762512
55.9666666667	0.177830818761
55.9833333333	0.177830818761
56	0.213814706262
56.0166666667	0.14184693126
56.0333333333	0.159838875011
56.05	0.195822762512
56.0666666667	0.177830818761
56.0833333333	0.177830818761
56.1	0.177830818761
56.1166666667	0.159838875011
56.1333333333	0.14184693126
56.15	0.195822762512
56.1666666667	0.195822762512
56.1833333333	0.195822762512
56.2	0.195822762512
56.2166666667	0.195822762512
56.2333333333	0.195822762512
56.25	0.195822762512
56.2666666667	0.231806650013
56.2833333333	0.231806650013
56.3	0.195822762512
56.3166666667	0.213814706262
56.3333333333	0.195822762512
56.35	0.213814706262
56.3666666667	0.195822762512
56.3833333333	0.213814706262
56.4	0.177830818761
56.4166666667	0.195822762512
56.4333333333	0.177830818761
56.45	0.159838875011
56.4666666667	0.159838875011
56.4833333333	0.195822762512
56.5	0.177830818761
56.5166666667	0.159838875011
56.5333333333	0.231806650013
56.55	0.177830818761
56.5666666667	0.177830818761
56.5833333333	0.159838875011
56.6	0.177830818761
56.6166666667	0.195822762512
56.6333333333	0.177830818761
56.65	0.177830818761
56.6666666667	0.14184693126
56.6833333333	0.159838875011
56.7	0.213814706262
56.7166666667	0.14184693126
56.7333333333	0.177830818761
56.75	0.159838875011
56.7666666667	0.159838875011
56.7833333333	0.159838875011
56.8	0.14184693126
56.8166666667	0.177830818761
56.8333333333	0.231806650013
56.85	0.177830818761
56.8666666667	0.177830818761
56.8833333333	0.177830818761
56.9	0.159838875011
56.9166666667	0.159838875011
56.9333333333	0.159838875011
56.95	0.159838875011
56.9666666667	0.177830818761
56.9833333333	0.159838875011
57	0.159838875011
57.0166666667	0.177830818761
57.0333333333	0.195822762512
57.05	0.159838875011
57.0666666667	0.159838875011
57.0833333333	0.177830818761
57.1	0.177830818761
57.1166666667	0.195822762512
57.1333333333	0.159838875011
57.15	0.195822762512
57.1666666667	0.195822762512
57.1833333333	0.195822762512
57.2	0.159838875011
57.2166666667	0.267790537514
57.2333333333	0.195822762512
57.25	0.195822762512
57.2666666667	0.213814706262
57.2833333333	0.231806650013
57.3	0.177830818761
57.3166666667	0.159838875011
57.3333333333	0.213814706262
57.35	0.159838875011
57.3666666667	0.195822762512
57.3833333333	0.249798593763
57.4	0.177830818761
57.4166666667	0.177830818761
57.4333333333	0.159838875011
57.45	0.177830818761
57.4666666667	0.231806650013
57.4833333333	0.195822762512
57.5	0.177830818761
57.5166666667	0.177830818761
57.5333333333	0.14184693126
57.55	0.249798593763
57.5666666667	0.159838875011
57.5833333333	0.195822762512
57.6	0.267790537514
57.6166666667	0.195822762512
57.6333333333	0.195822762512
57.65	0.14184693126
57.6666666667	0.159838875011
57.6833333333	0.195822762512
57.7	0.159838875011
57.7166666667	0.213814706262
57.7333333333	0.195822762512
57.75	0.177830818761
57.7666666667	0.14184693126
57.7833333333	0.213814706262
57.8	0.177830818761
57.8166666667	0.195822762512
57.8333333333	0.159838875011
57.85	0.195822762512
57.8666666667	0.195822762512
57.8833333333	0.159838875011
57.9	0.159838875011
57.9166666667	0.213814706262
57.9333333333	0.177830818761
57.95	0.195822762512
57.9666666667	0.213814706262
57.9833333333	0.177830818761
58	0.159838875011
58.0166666667	0.249798593763
58.0333333333	0.177830818761
58.05	0.159838875011
58.0666666667	0.213814706262
58.0833333333	0.195822762512
58.1	0.159838875011
58.1166666667	0.177830818761
58.1333333333	0.213814706262
58.15	0.177830818761
58.1666666667	0.213814706262
58.1833333333	0.177830818761
58.2	0.159838875011
58.2166666667	0.195822762512
58.2333333333	0.159838875011
58.25	0.249798593763
58.2666666667	0.159838875011
58.2833333333	0.177830818761
58.3	0.213814706262
58.3166666667	0.195822762512
58.3333333333	0.195822762512
58.35	0.177830818761
58.3666666667	0.177830818761
58.3833333333	0.195822762512
58.4	0.159838875011
58.4166666667	0.195822762512
58.4333333333	0.159838875011
58.45	0.14184693126
58.4666666667	0.177830818761
58.4833333333	0.177830818761
58.5	0.159838875011
58.5166666667	0.159838875011
58.5333333333	0.231806650013
58.55	0.177830818761
58.5666666667	0.177830818761
58.5833333333	0.213814706262
58.6	0.177830818761
58.6166666667	0.195822762512
58.6333333333	0.159838875011
58.65	0.195822762512
58.6666666667	0.195822762512
58.6833333333	0.159838875011
58.7	0.159838875011
58.7166666667	0.231806650013
58.7333333333	0.177830818761
58.75	0.159838875011
58.7666666667	0.177830818761
58.7833333333	0.159838875011
58.8	0.195822762512
58.8166666667	0.159838875011
58.8333333333	0.14184693126
58.85	0.213814706262
58.8666666667	0.177830818761
58.8833333333	0.213814706262
58.9	0.195822762512
58.9166666667	0.159838875011
58.9333333333	0.177830818761
58.95	0.195822762512
58.9666666667	0.159838875011
58.9833333333	0.159838875011
59	0.177830818761
59.0166666667	0.213814706262
59.0333333333	0.231806650013
59.05	0.159838875011
59.0666666667	0.159838875011
59.0833333333	0.177830818761
59.1	0.177830818761
59.1166666667	0.267790537514
59.1333333333	0.213814706262
59.15	0.231806650013
59.1666666667	0.177830818761
59.1833333333	0.177830818761
59.2	0.159838875011
59.2166666667	0.213814706262
59.2333333333	0.177830818761
59.25	0.159838875011
59.2666666667	0.213814706262
59.2833333333	0.195822762512
59.3	0.213814706262
59.3166666667	0.213814706262
59.3333333333	0.195822762512
59.35	0.177830818761
59.3666666667	0.12385498751
59.3833333333	0.213814706262
59.4	0.159838875011
59.4166666667	0.195822762512
59.4333333333	0.195822762512
59.45	0.177830818761
59.4666666667	0.177830818761
59.4833333333	0.195822762512
59.5	0.159838875011
59.5166666667	0.213814706262
59.5333333333	0.195822762512
59.55	0.195822762512
59.5666666667	0.249798593763
59.5833333333	0.177830818761
59.6	0.177830818761
59.6166666667	0.195822762512
59.6333333333	0.195822762512
59.65	0.159838875011
59.6666666667	0.213814706262
59.6833333333	0.231806650013
59.7	0.159838875011
59.7166666667	0.195822762512
59.7333333333	0.213814706262
59.75	0.213814706262
59.7666666667	0.213814706262
59.7833333333	0.195822762512
59.8	0.159838875011
59.8166666667	0.213814706262
59.8333333333	0.267790537514
59.85	0.213814706262
59.8666666667	0.159838875011
59.8833333333	0.159838875011
59.9	0.177830818761
59.9166666667	0.213814706262
59.9333333333	0.195822762512
59.95	0.14184693126
59.9666666667	0.159838875011
59.9833333333	0.159838875011
60	0.159838875011
60.0166666667	0.195822762512
60.0333333333	0.177830818761
60.05	0.195822762512
60.0666666667	0.177830818761
60.0833333333	0.249798593763
60.1	0.159838875011
60.1166666667	0.195822762512
60.1333333333	0.195822762512
60.15	0.159838875011
60.1666666667	0.159838875011
60.1833333333	0.213814706262
60.2	0.177830818761
60.2166666667	0.213814706262
60.2333333333	0.231806650013
60.25	0.159838875011
60.2666666667	0.195822762512
60.2833333333	0.177830818761
60.3	0.14184693126
60.3166666667	0.177830818761
60.3333333333	0.177830818761
60.35	0.177830818761
60.3666666667	0.231806650013
60.3833333333	0.195822762512
60.4	0.213814706262
60.4166666667	0.159838875011
60.4333333333	0.195822762512
60.45	0.177830818761
60.4666666667	0.213814706262
60.4833333333	0.276786509389
60.5	0.177830818761
60.5166666667	0.177830818761
60.5333333333	0.231806650013
60.55	0.195822762512
60.5666666667	0.159838875011
60.5833333333	0.213814706262
60.6	0.195822762512
60.6166666667	0.195822762512
60.6333333333	0.159838875011
60.65	0.159838875011
60.6666666667	0.231806650013
60.6833333333	0.14184693126
60.7	0.177830818761
60.7166666667	0.195822762512
60.7333333333	0.213814706262
60.75	0.267790537514
60.7666666667	0.249798593763
60.7833333333	0.177830818761
60.8	0.213814706262
60.8166666667	0.195822762512
60.8333333333	0.195822762512
60.85	0.195822762512
60.8666666667	0.195822762512
60.8833333333	0.177830818761
60.9	0.177830818761
60.9166666667	0.195822762512
60.9333333333	0.195822762512
60.95	0.231806650013
60.9666666667	0.213814706262
60.9833333333	0.159838875011
61	0.177830818761
61.0166666667	0.177830818761
61.0333333333	0.159838875011
61.05	0.213814706262
61.0666666667	0.195822762512
61.0833333333	0.195822762512
61.1	0.213814706262
61.1166666667	0.231806650013
61.1333333333	0.177830818761
61.15	0.177830818761
61.1666666667	0.231806650013
61.1833333333	0.231806650013
61.2	0.267790537514
61.2166666667	0.177830818761
61.2333333333	0.159838875011
61.25	0.213814706262
61.2666666667	0.177830818761
61.2833333333	0.195822762512
61.3	0.14184693126
61.3166666667	0.231806650013
61.3333333333	0.213814706262
61.35	0.213814706262
61.3666666667	0.177830818761
61.3833333333	0.249798593763
61.4	0.159838875011
61.4166666667	0.213814706262
61.4333333333	0.195822762512
61.45	0.231806650013
61.4666666667	0.159838875011
61.4833333333	0.213814706262
61.5	0.195822762512
61.5166666667	0.159838875011
61.5333333333	0.195822762512
61.55	0.213814706262
61.5666666667	0.195822762512
61.5833333333	0.213814706262
61.6	0.267790537514
61.6166666667	0.267790537514
61.6333333333	0.276786509389
61.65	0.267790537514
61.6666666667	0.267790537514
61.6833333333	0.276786509389
61.7	0.276786509389
61.7166666667	0.267790537514
61.7333333333	0.276786509389
61.75	0.276786509389
61.7666666667	0.276786509389
61.7833333333	0.267790537514
61.8	0.231806650013
61.8166666667	0.195822762512
61.8333333333	0.213814706262
61.85	0.249798593763
61.8666666667	0.213814706262
61.8833333333	0.195822762512
61.9	0.159838875011
61.9166666667	0.249798593763
61.9333333333	0.159838875011
61.95	0.195822762512
61.9666666667	0.159838875011
61.9833333333	0.213814706262
62	0.213814706262
62.0166666667	0.177830818761
62.0333333333	0.177830818761
62.05	0.249798593763
62.0666666667	0.231806650013
62.0833333333	0.249798593763
62.1	0.249798593763
62.1166666667	0.249798593763
62.1333333333	0.14184693126
62.15	0.159838875011
62.1666666667	0.195822762512
62.1833333333	0.213814706262
62.2	0.177830818761
62.2166666667	0.195822762512
62.2333333333	0.213814706262
62.25	0.276786509389
62.2666666667	0.276786509389
62.2833333333	0.267790537514
62.3	0.231806650013
62.3166666667	0.276786509389
62.3333333333	0.267790537514
62.35	0.231806650013
62.3666666667	0.249798593763
62.3833333333	0.276786509389
62.4	0.267790537514
62.4166666667	0.195822762512
62.4333333333	0.213814706262
62.45	0.195822762512
62.4666666667	0.177830818761
62.4833333333	0.213814706262
62.5	0.195822762512
62.5166666667	0.213814706262
62.5333333333	0.177830818761
62.55	0.267790537514
62.5666666667	0.195822762512
62.5833333333	0.276786509389
62.6	0.249798593763
62.6166666667	0.249798593763
62.6333333333	0.195822762512
62.65	0.213814706262
62.6666666667	0.276786509389
62.6833333333	0.276786509389
62.7	0.267790537514
62.7166666667	0.249798593763
62.7333333333	0.231806650013
62.75	0.267790537514
62.7666666667	0.213814706262
62.7833333333	0.267790537514
62.8	0.249798593763
62.8166666667	0.267790537514
62.8333333333	0.231806650013
62.85	0.195822762512
62.8666666667	0.177830818761
62.8833333333	0.195822762512
62.9	0.213814706262
62.9166666667	0.249798593763
62.9333333333	0.213814706262
62.95	0.29477845314
62.9666666667	0.267790537514
62.9833333333	0.213814706262
63	0.267790537514
63.0166666667	0.276786509389
63.0333333333	0.276786509389
63.05	0.267790537514
63.0666666667	0.276786509389
63.0833333333	0.276786509389
63.1	0.267790537514
63.1166666667	0.213814706262
63.1333333333	0.195822762512
63.15	0.276786509389
63.1666666667	0.249798593763
63.1833333333	0.231806650013
63.2	0.249798593763
63.2166666667	0.267790537514
63.2333333333	0.159838875011
63.25	0.267790537514
63.2666666667	0.231806650013
63.2833333333	0.249798593763
63.3	0.213814706262
63.3166666667	0.159838875011
63.3333333333	0.14184693126
63.35	0.195822762512
63.3666666667	0.177830818761
63.3833333333	0.231806650013
63.4	0.249798593763
63.4166666667	0.195822762512
63.4333333333	0.195822762512
63.45	0.231806650013
63.4666666667	0.249798593763
63.4833333333	0.276786509389
63.5	0.231806650013
63.5166666667	0.195822762512
63.5333333333	0.267790537514
63.55	0.276786509389
63.5666666667	0.231806650013
63.5833333333	0.213814706262
63.6	0.267790537514
63.6166666667	0.249798593763
63.6333333333	0.213814706262
63.65	0.249798593763
63.6666666667	0.249798593763
63.6833333333	0.231806650013
63.7	0.267790537514
63.7166666667	0.231806650013
63.7333333333	0.177830818761
63.75	0.249798593763
63.7666666667	0.249798593763
63.7833333333	0.231806650013
63.8	0.267790537514
63.8166666667	0.231806650013
63.8333333333	0.231806650013
63.85	0.213814706262
63.8666666667	0.249798593763
63.8833333333	0.249798593763
63.9	0.249798593763
63.9166666667	0.276786509389
63.9333333333	0.213814706262
63.95	0.195822762512
63.9666666667	0.231806650013
63.9833333333	0.213814706262
64	0.276786509389
64.0166666667	0.267790537514
64.0333333333	0.267790537514
64.05	0.195822762512
64.0666666667	0.231806650013
64.0833333333	0.267790537514
64.1	0.231806650013
64.1166666667	0.249798593763
64.1333333333	0.231806650013
64.15	0.276786509389
64.1666666667	0.276786509389
64.1833333333	0.267790537514
64.2	0.267790537514
64.2166666667	0.267790537514
64.2333333333	0.276786509389
64.25	0.231806650013
64.2666666667	0.195822762512
64.2833333333	0.276786509389
64.3	0.213814706262
64.3166666667	0.276786509389
64.3333333333	0.276786509389
64.35	0.213814706262
64.3666666667	0.276786509389
64.3833333333	0.249798593763
64.4	0.249798593763
64.4166666667	0.267790537514
64.4333333333	0.267790537514
64.45	0.267790537514
64.4666666667	0.231806650013
64.4833333333	0.267790537514
64.5	0.276786509389
64.5166666667	0.267790537514
64.5333333333	0.276786509389
64.55	0.276786509389
64.5666666667	0.276786509389
64.5833333333	0.276786509389
64.6	0.267790537514
64.6166666667	0.276786509389
64.6333333333	0.29477845314
64.65	0.267790537514
64.6666666667	0.276786509389
64.6833333333	0.276786509389
64.7	0.267790537514
64.7166666667	0.267790537514
64.7333333333	0.249798593763
64.75	0.267790537514
64.7666666667	0.276786509389
64.7833333333	0.276786509389
64.8	0.276786509389
64.8166666667	0.276786509389
64.8333333333	0.267790537514
64.85	0.267790537514
64.8666666667	0.249798593763
64.8833333333	0.231806650013
64.9	0.231806650013
64.9166666667	0.276786509389
64.9333333333	0.249798593763
64.95	0.267790537514
64.9666666667	0.276786509389
64.9833333333	0.249798593763
65	0.276786509389
